n_S,n_C,n_L,n_K,n_D,B
100,100,10,100,72,1000000
==========
Car ID,Level,Initial station
1,6,91
2,8,29
3,5,49
4,3,25
5,7,53
6,2,97
7,7,75
8,6,21
9,2,87
10,5,93
11,9,51
12,9,3
13,6,19
14,9,55
15,2,65
16,9,33
17,6,1
18,1,37
19,9,13
20,4,3
21,10,29
22,4,59
23,9,67
24,1,35
25,2,93
26,9,89
27,4,13
28,2,79
29,3,97
30,1,35
31,1,87
32,10,35
33,9,99
34,1,89
35,9,33
36,9,27
37,3,79
38,7,97
39,7,53
40,7,13
41,2,63
42,9,75
43,10,49
44,7,77
45,7,75
46,10,1
47,4,63
48,10,3
49,5,47
50,9,31
51,4,23
52,7,77
53,7,15
54,8,11
55,1,89
56,10,57
57,1,19
58,3,61
59,9,13
60,8,9
61,4,45
62,4,85
63,6,93
64,9,45
65,10,11
66,10,67
67,5,65
68,5,73
69,9,69
70,6,39
71,10,45
72,9,51
73,2,67
74,1,71
75,2,47
76,5,73
77,7,77
78,6,15
79,6,79
80,7,27
81,5,13
82,6,11
83,4,27
84,2,25
85,5,81
86,2,85
87,3,93
88,3,71
89,5,53
90,6,67
91,6,23
92,10,83
93,2,41
94,4,65
95,5,51
96,9,97
97,8,85
98,8,39
99,7,19
100,6,37
==========
Car level,Hour rate
1,312
2,433
3,485
4,566
5,689
6,828
7,892
8,1029
9,1177
10,1238
==========
Order ID,Level,Pick-up station,Return station,Pick-up time,Return time
1,9,48,69,2023/03/02 06:00,2023/03/02 16:00
2,8,30,72,2023/01/14 00:30,2023/01/14 14:30
3,2,64,23,2023/03/11 19:00,2023/03/13 19:00
4,7,36,19,2023/02/10 19:00,2023/02/11 18:00
5,7,99,78,2023/01/06 17:30,2023/01/08 16:30
6,7,38,33,2023/02/09 23:00,2023/02/10 04:00
7,10,59,92,2023/01/30 03:30,2023/01/30 23:30
8,10,84,6,2023/03/02 13:00,2023/03/04 06:00
9,3,85,75,2023/01/05 11:00,2023/01/06 16:00
10,6,77,11,2023/01/12 02:30,2023/01/13 20:30
11,9,29,76,2023/02/18 18:00,2023/02/19 01:00
12,2,69,34,2023/02/01 09:30,2023/02/03 05:30
13,10,7,9,2023/01/30 16:00,2023/01/31 03:00
14,8,36,20,2023/01/13 14:00,2023/01/14 19:00
15,1,23,92,2023/01/20 02:30,2023/01/21 20:30
16,6,99,82,2023/02/04 06:30,2023/02/06 01:30
17,10,9,64,2023/02/17 16:00,2023/02/19 07:00
18,7,42,41,2023/01/20 12:30,2023/01/21 08:30
19,8,77,89,2023/01/07 04:30,2023/01/07 22:30
20,8,41,67,2023/02/25 05:30,2023/02/25 23:30
21,5,95,97,2023/01/25 06:30,2023/01/25 16:30
22,9,14,48,2023/01/21 16:30,2023/01/22 03:30
23,7,75,39,2023/03/02 21:00,2023/03/03 21:00
24,1,1,21,2023/01/21 15:30,2023/01/22 18:30
25,9,81,63,2023/02/12 22:30,2023/02/14 11:30
26,3,10,64,2023/02/02 23:00,2023/02/03 17:00
27,1,75,21,2023/02/02 16:00,2023/02/03 23:00
28,10,94,73,2023/03/03 18:00,2023/03/04 09:00
29,4,65,10,2023/02/02 03:30,2023/02/03 02:30
30,1,46,46,2023/01/14 22:00,2023/01/15 15:00
31,5,87,81,2023/01/10 12:00,2023/01/11 19:00
32,5,71,74,2023/01/28 04:00,2023/01/28 08:00
33,10,11,40,2023/01/13 05:30,2023/01/14 08:30
34,5,28,13,2023/01/20 10:30,2023/01/22 05:30
35,3,47,34,2023/02/10 21:30,2023/02/12 14:30
36,1,93,43,2023/02/04 02:00,2023/02/04 11:00
37,3,40,85,2023/02/25 08:30,2023/02/27 04:30
38,5,25,86,2023/03/03 19:00,2023/03/05 01:00
39,3,71,4,2023/03/08 17:00,2023/03/09 10:00
40,2,29,99,2023/02/04 05:00,2023/02/05 02:00
41,5,57,82,2023/01/12 15:00,2023/01/13 23:00
42,3,16,4,2023/01/27 11:30,2023/01/29 01:30
43,10,59,94,2023/02/04 07:00,2023/02/05 03:00
44,6,5,80,2023/01/26 19:30,2023/01/27 15:30
45,7,63,56,2023/03/04 10:30,2023/03/05 07:30
46,7,6,42,2023/01/20 00:00,2023/01/21 16:00
47,2,99,69,2023/02/28 07:00,2023/03/02 00:00
48,7,75,13,2023/01/20 11:30,2023/01/21 06:30
49,7,99,15,2023/02/03 21:00,2023/02/05 07:00
50,10,63,4,2023/01/30 16:30,2023/01/31 05:30
51,9,84,72,2023/01/28 03:00,2023/01/28 15:00
52,9,12,62,2023/01/13 17:30,2023/01/15 17:30
53,8,97,68,2023/03/02 13:30,2023/03/04 09:30
54,10,11,68,2023/01/12 22:30,2023/01/13 18:30
55,1,28,41,2023/02/24 09:30,2023/02/26 00:30
56,1,66,26,2023/01/19 13:30,2023/01/21 12:30
57,7,92,80,2023/01/28 07:30,2023/01/29 07:30
58,10,97,63,2023/01/02 09:30,2023/01/03 09:30
59,3,89,92,2023/02/09 19:30,2023/02/11 12:30
60,2,99,39,2023/02/04 18:30,2023/02/06 18:30
61,3,78,75,2023/01/15 17:00,2023/01/17 16:00
62,3,96,4,2023/01/28 05:30,2023/01/28 19:30
63,6,91,7,2023/01/12 04:30,2023/01/13 21:30
64,4,95,67,2023/01/26 07:00,2023/01/27 21:00
65,4,48,68,2023/03/03 05:00,2023/03/05 00:00
66,3,11,65,2023/01/13 21:30,2023/01/15 08:30
67,10,72,89,2023/03/11 05:00,2023/03/13 01:00
68,2,54,37,2023/03/09 14:00,2023/03/11 14:00
69,4,43,27,2023/01/06 22:00,2023/01/08 19:00
70,9,3,83,2023/02/04 04:30,2023/02/06 01:30
71,5,23,52,2023/03/04 15:30,2023/03/05 15:30
72,8,6,38,2023/01/06 10:30,2023/01/08 05:30
73,7,84,26,2023/02/04 15:30,2023/02/05 00:30
74,5,57,46,2023/01/06 08:00,2023/01/08 05:00
75,9,15,96,2023/02/18 10:00,2023/02/19 16:00
76,3,92,81,2023/02/10 07:30,2023/02/10 23:30
77,10,54,56,2023/02/02 22:00,2023/02/04 03:00
78,7,3,54,2023/02/25 09:30,2023/02/27 09:30
79,4,61,38,2023/01/07 12:00,2023/01/09 08:00
80,3,99,84,2023/01/27 15:30,2023/01/27 21:30
81,7,32,52,2023/03/10 16:00,2023/03/11 12:00
82,10,28,72,2023/02/24 19:00,2023/02/26 06:00
83,5,31,63,2023/01/26 01:30,2023/01/28 00:30
84,1,14,78,2023/01/19 07:30,2023/01/20 04:30
85,3,13,15,2023/03/02 05:30,2023/03/02 17:30
86,8,10,3,2023/01/23 23:30,2023/01/25 01:30
87,9,8,63,2023/01/06 15:00,2023/01/07 22:00
88,4,99,73,2023/01/20 23:30,2023/01/22 13:30
89,1,8,96,2023/03/04 01:30,2023/03/05 03:30
90,8,76,70,2023/03/11 02:30,2023/03/11 21:30
91,8,51,24,2023/02/23 02:30,2023/02/24 15:30
92,4,9,8,2023/03/11 05:00,2023/03/11 10:00
93,5,69,50,2023/02/26 20:30,2023/02/28 01:30
94,3,67,74,2023/02/23 20:30,2023/02/24 05:30
95,10,78,3,2023/01/24 13:30,2023/01/25 12:30
96,9,89,24,2023/01/07 07:30,2023/01/08 06:30
97,1,48,39,2023/01/23 20:00,2023/01/24 20:00
98,1,7,19,2023/03/07 06:30,2023/03/08 20:30
99,7,38,59,2023/01/14 18:00,2023/01/15 15:00
100,10,77,41,2023/03/09 14:00,2023/03/10 08:00
==========
From,To,Moving time
1,1,0
1,2,90
1,3,90
1,4,90
1,5,90
1,6,90
1,7,90
1,8,90
1,9,90
1,10,90
1,11,90
1,12,90
1,13,90
1,14,90
1,15,90
1,16,90
1,17,90
1,18,90
1,19,90
1,20,90
1,21,90
1,22,90
1,23,90
1,24,90
1,25,90
1,26,90
1,27,90
1,28,90
1,29,90
1,30,90
1,31,90
1,32,90
1,33,90
1,34,90
1,35,90
1,36,90
1,37,90
1,38,90
1,39,90
1,40,90
1,41,90
1,42,90
1,43,90
1,44,90
1,45,90
1,46,90
1,47,90
1,48,90
1,49,90
1,50,90
1,51,90
1,52,90
1,53,90
1,54,90
1,55,90
1,56,90
1,57,90
1,58,90
1,59,90
1,60,90
1,61,90
1,62,90
1,63,90
1,64,90
1,65,90
1,66,90
1,67,90
1,68,90
1,69,90
1,70,90
1,71,90
1,72,90
1,73,90
1,74,90
1,75,90
1,76,90
1,77,90
1,78,90
1,79,90
1,80,90
1,81,90
1,82,90
1,83,90
1,84,90
1,85,90
1,86,90
1,87,90
1,88,90
1,89,90
1,90,90
1,91,90
1,92,90
1,93,90
1,94,90
1,95,90
1,96,90
1,97,90
1,98,90
1,99,90
1,100,90
2,1,90
2,2,0
2,3,90
2,4,90
2,5,90
2,6,90
2,7,90
2,8,90
2,9,90
2,10,90
2,11,90
2,12,90
2,13,90
2,14,90
2,15,90
2,16,90
2,17,90
2,18,90
2,19,90
2,20,90
2,21,90
2,22,90
2,23,90
2,24,90
2,25,90
2,26,90
2,27,90
2,28,90
2,29,90
2,30,90
2,31,90
2,32,90
2,33,90
2,34,90
2,35,90
2,36,90
2,37,90
2,38,90
2,39,90
2,40,90
2,41,90
2,42,90
2,43,90
2,44,90
2,45,90
2,46,90
2,47,90
2,48,90
2,49,90
2,50,90
2,51,90
2,52,90
2,53,90
2,54,90
2,55,90
2,56,90
2,57,90
2,58,90
2,59,90
2,60,90
2,61,90
2,62,90
2,63,90
2,64,90
2,65,90
2,66,90
2,67,90
2,68,90
2,69,90
2,70,90
2,71,90
2,72,90
2,73,90
2,74,90
2,75,90
2,76,90
2,77,90
2,78,90
2,79,90
2,80,90
2,81,90
2,82,90
2,83,90
2,84,90
2,85,90
2,86,90
2,87,90
2,88,90
2,89,90
2,90,90
2,91,90
2,92,90
2,93,90
2,94,90
2,95,90
2,96,90
2,97,90
2,98,90
2,99,90
2,100,90
3,1,90
3,2,90
3,3,0
3,4,90
3,5,90
3,6,90
3,7,90
3,8,90
3,9,90
3,10,90
3,11,90
3,12,90
3,13,90
3,14,90
3,15,90
3,16,90
3,17,90
3,18,90
3,19,90
3,20,90
3,21,90
3,22,90
3,23,90
3,24,90
3,25,90
3,26,90
3,27,90
3,28,90
3,29,90
3,30,90
3,31,90
3,32,90
3,33,90
3,34,90
3,35,90
3,36,90
3,37,90
3,38,90
3,39,90
3,40,90
3,41,90
3,42,90
3,43,90
3,44,90
3,45,90
3,46,90
3,47,90
3,48,90
3,49,90
3,50,90
3,51,90
3,52,90
3,53,90
3,54,90
3,55,90
3,56,90
3,57,90
3,58,90
3,59,90
3,60,90
3,61,90
3,62,90
3,63,90
3,64,90
3,65,90
3,66,90
3,67,90
3,68,90
3,69,90
3,70,90
3,71,90
3,72,90
3,73,90
3,74,90
3,75,90
3,76,90
3,77,90
3,78,90
3,79,90
3,80,90
3,81,90
3,82,90
3,83,90
3,84,90
3,85,90
3,86,90
3,87,90
3,88,90
3,89,90
3,90,90
3,91,90
3,92,90
3,93,90
3,94,90
3,95,90
3,96,90
3,97,90
3,98,90
3,99,90
3,100,90
4,1,90
4,2,90
4,3,90
4,4,0
4,5,90
4,6,90
4,7,90
4,8,90
4,9,90
4,10,90
4,11,90
4,12,90
4,13,90
4,14,90
4,15,90
4,16,90
4,17,90
4,18,90
4,19,90
4,20,90
4,21,90
4,22,90
4,23,90
4,24,90
4,25,90
4,26,90
4,27,90
4,28,90
4,29,90
4,30,90
4,31,90
4,32,90
4,33,90
4,34,90
4,35,90
4,36,90
4,37,90
4,38,90
4,39,90
4,40,90
4,41,90
4,42,90
4,43,90
4,44,90
4,45,90
4,46,90
4,47,90
4,48,90
4,49,90
4,50,90
4,51,90
4,52,90
4,53,90
4,54,90
4,55,90
4,56,90
4,57,90
4,58,90
4,59,90
4,60,90
4,61,90
4,62,90
4,63,90
4,64,90
4,65,90
4,66,90
4,67,90
4,68,90
4,69,90
4,70,90
4,71,90
4,72,90
4,73,90
4,74,90
4,75,90
4,76,90
4,77,90
4,78,90
4,79,90
4,80,90
4,81,90
4,82,90
4,83,90
4,84,90
4,85,90
4,86,90
4,87,90
4,88,90
4,89,90
4,90,90
4,91,90
4,92,90
4,93,90
4,94,90
4,95,90
4,96,90
4,97,90
4,98,90
4,99,90
4,100,90
5,1,90
5,2,90
5,3,90
5,4,90
5,5,0
5,6,90
5,7,90
5,8,90
5,9,90
5,10,90
5,11,90
5,12,90
5,13,90
5,14,90
5,15,90
5,16,90
5,17,90
5,18,90
5,19,90
5,20,90
5,21,90
5,22,90
5,23,90
5,24,90
5,25,90
5,26,90
5,27,90
5,28,90
5,29,90
5,30,90
5,31,90
5,32,90
5,33,90
5,34,90
5,35,90
5,36,90
5,37,90
5,38,90
5,39,90
5,40,90
5,41,90
5,42,90
5,43,90
5,44,90
5,45,90
5,46,90
5,47,90
5,48,90
5,49,90
5,50,90
5,51,90
5,52,90
5,53,90
5,54,90
5,55,90
5,56,90
5,57,90
5,58,90
5,59,90
5,60,90
5,61,90
5,62,90
5,63,90
5,64,90
5,65,90
5,66,90
5,67,90
5,68,90
5,69,90
5,70,90
5,71,90
5,72,90
5,73,90
5,74,90
5,75,90
5,76,90
5,77,90
5,78,90
5,79,90
5,80,90
5,81,90
5,82,90
5,83,90
5,84,90
5,85,90
5,86,90
5,87,90
5,88,90
5,89,90
5,90,90
5,91,90
5,92,90
5,93,90
5,94,90
5,95,90
5,96,90
5,97,90
5,98,90
5,99,90
5,100,90
6,1,90
6,2,90
6,3,90
6,4,90
6,5,90
6,6,0
6,7,90
6,8,90
6,9,90
6,10,90
6,11,90
6,12,90
6,13,90
6,14,90
6,15,90
6,16,90
6,17,90
6,18,90
6,19,90
6,20,90
6,21,90
6,22,90
6,23,90
6,24,90
6,25,90
6,26,90
6,27,90
6,28,90
6,29,90
6,30,90
6,31,90
6,32,90
6,33,90
6,34,90
6,35,90
6,36,90
6,37,90
6,38,90
6,39,90
6,40,90
6,41,90
6,42,90
6,43,90
6,44,90
6,45,90
6,46,90
6,47,90
6,48,90
6,49,90
6,50,90
6,51,90
6,52,90
6,53,90
6,54,90
6,55,90
6,56,90
6,57,90
6,58,90
6,59,90
6,60,90
6,61,90
6,62,90
6,63,90
6,64,90
6,65,90
6,66,90
6,67,90
6,68,90
6,69,90
6,70,90
6,71,90
6,72,90
6,73,90
6,74,90
6,75,90
6,76,90
6,77,90
6,78,90
6,79,90
6,80,90
6,81,90
6,82,90
6,83,90
6,84,90
6,85,90
6,86,90
6,87,90
6,88,90
6,89,90
6,90,90
6,91,90
6,92,90
6,93,90
6,94,90
6,95,90
6,96,90
6,97,90
6,98,90
6,99,90
6,100,90
7,1,90
7,2,90
7,3,90
7,4,90
7,5,90
7,6,90
7,7,0
7,8,90
7,9,90
7,10,90
7,11,90
7,12,90
7,13,90
7,14,90
7,15,90
7,16,90
7,17,90
7,18,90
7,19,90
7,20,90
7,21,90
7,22,90
7,23,90
7,24,90
7,25,90
7,26,90
7,27,90
7,28,90
7,29,90
7,30,90
7,31,90
7,32,90
7,33,90
7,34,90
7,35,90
7,36,90
7,37,90
7,38,90
7,39,90
7,40,90
7,41,90
7,42,90
7,43,90
7,44,90
7,45,90
7,46,90
7,47,90
7,48,90
7,49,90
7,50,90
7,51,90
7,52,90
7,53,90
7,54,90
7,55,90
7,56,90
7,57,90
7,58,90
7,59,90
7,60,90
7,61,90
7,62,90
7,63,90
7,64,90
7,65,90
7,66,90
7,67,90
7,68,90
7,69,90
7,70,90
7,71,90
7,72,90
7,73,90
7,74,90
7,75,90
7,76,90
7,77,90
7,78,90
7,79,90
7,80,90
7,81,90
7,82,90
7,83,90
7,84,90
7,85,90
7,86,90
7,87,90
7,88,90
7,89,90
7,90,90
7,91,90
7,92,90
7,93,90
7,94,90
7,95,90
7,96,90
7,97,90
7,98,90
7,99,90
7,100,90
8,1,90
8,2,90
8,3,90
8,4,90
8,5,90
8,6,90
8,7,90
8,8,0
8,9,90
8,10,90
8,11,90
8,12,90
8,13,90
8,14,90
8,15,90
8,16,90
8,17,90
8,18,90
8,19,90
8,20,90
8,21,90
8,22,90
8,23,90
8,24,90
8,25,90
8,26,90
8,27,90
8,28,90
8,29,90
8,30,90
8,31,90
8,32,90
8,33,90
8,34,90
8,35,90
8,36,90
8,37,90
8,38,90
8,39,90
8,40,90
8,41,90
8,42,90
8,43,90
8,44,90
8,45,90
8,46,90
8,47,90
8,48,90
8,49,90
8,50,90
8,51,90
8,52,90
8,53,90
8,54,90
8,55,90
8,56,90
8,57,90
8,58,90
8,59,90
8,60,90
8,61,90
8,62,90
8,63,90
8,64,90
8,65,90
8,66,90
8,67,90
8,68,90
8,69,90
8,70,90
8,71,90
8,72,90
8,73,90
8,74,90
8,75,90
8,76,90
8,77,90
8,78,90
8,79,90
8,80,90
8,81,90
8,82,90
8,83,90
8,84,90
8,85,90
8,86,90
8,87,90
8,88,90
8,89,90
8,90,90
8,91,90
8,92,90
8,93,90
8,94,90
8,95,90
8,96,90
8,97,90
8,98,90
8,99,90
8,100,90
9,1,90
9,2,90
9,3,90
9,4,90
9,5,90
9,6,90
9,7,90
9,8,90
9,9,0
9,10,90
9,11,90
9,12,90
9,13,90
9,14,90
9,15,90
9,16,90
9,17,90
9,18,90
9,19,90
9,20,90
9,21,90
9,22,90
9,23,90
9,24,90
9,25,90
9,26,90
9,27,90
9,28,90
9,29,90
9,30,90
9,31,90
9,32,90
9,33,90
9,34,90
9,35,90
9,36,90
9,37,90
9,38,90
9,39,90
9,40,90
9,41,90
9,42,90
9,43,90
9,44,90
9,45,90
9,46,90
9,47,90
9,48,90
9,49,90
9,50,90
9,51,90
9,52,90
9,53,90
9,54,90
9,55,90
9,56,90
9,57,90
9,58,90
9,59,90
9,60,90
9,61,90
9,62,90
9,63,90
9,64,90
9,65,90
9,66,90
9,67,90
9,68,90
9,69,90
9,70,90
9,71,90
9,72,90
9,73,90
9,74,90
9,75,90
9,76,90
9,77,90
9,78,90
9,79,90
9,80,90
9,81,90
9,82,90
9,83,90
9,84,90
9,85,90
9,86,90
9,87,90
9,88,90
9,89,90
9,90,90
9,91,90
9,92,90
9,93,90
9,94,90
9,95,90
9,96,90
9,97,90
9,98,90
9,99,90
9,100,90
10,1,90
10,2,90
10,3,90
10,4,90
10,5,90
10,6,90
10,7,90
10,8,90
10,9,90
10,10,0
10,11,90
10,12,90
10,13,90
10,14,90
10,15,90
10,16,90
10,17,90
10,18,90
10,19,90
10,20,90
10,21,90
10,22,90
10,23,90
10,24,90
10,25,90
10,26,90
10,27,90
10,28,90
10,29,90
10,30,90
10,31,90
10,32,90
10,33,90
10,34,90
10,35,90
10,36,90
10,37,90
10,38,90
10,39,90
10,40,90
10,41,90
10,42,90
10,43,90
10,44,90
10,45,90
10,46,90
10,47,90
10,48,90
10,49,90
10,50,90
10,51,90
10,52,90
10,53,90
10,54,90
10,55,90
10,56,90
10,57,90
10,58,90
10,59,90
10,60,90
10,61,90
10,62,90
10,63,90
10,64,90
10,65,90
10,66,90
10,67,90
10,68,90
10,69,90
10,70,90
10,71,90
10,72,90
10,73,90
10,74,90
10,75,90
10,76,90
10,77,90
10,78,90
10,79,90
10,80,90
10,81,90
10,82,90
10,83,90
10,84,90
10,85,90
10,86,90
10,87,90
10,88,90
10,89,90
10,90,90
10,91,90
10,92,90
10,93,90
10,94,90
10,95,90
10,96,90
10,97,90
10,98,90
10,99,90
10,100,90
11,1,90
11,2,90
11,3,90
11,4,90
11,5,90
11,6,90
11,7,90
11,8,90
11,9,90
11,10,90
11,11,0
11,12,90
11,13,90
11,14,90
11,15,90
11,16,90
11,17,90
11,18,90
11,19,90
11,20,90
11,21,90
11,22,90
11,23,90
11,24,90
11,25,90
11,26,90
11,27,90
11,28,90
11,29,90
11,30,90
11,31,90
11,32,90
11,33,90
11,34,90
11,35,90
11,36,90
11,37,90
11,38,90
11,39,90
11,40,90
11,41,90
11,42,90
11,43,90
11,44,90
11,45,90
11,46,90
11,47,90
11,48,90
11,49,90
11,50,90
11,51,90
11,52,90
11,53,90
11,54,90
11,55,90
11,56,90
11,57,90
11,58,90
11,59,90
11,60,90
11,61,90
11,62,90
11,63,90
11,64,90
11,65,90
11,66,90
11,67,90
11,68,90
11,69,90
11,70,90
11,71,90
11,72,90
11,73,90
11,74,90
11,75,90
11,76,90
11,77,90
11,78,90
11,79,90
11,80,90
11,81,90
11,82,90
11,83,90
11,84,90
11,85,90
11,86,90
11,87,90
11,88,90
11,89,90
11,90,90
11,91,90
11,92,90
11,93,90
11,94,90
11,95,90
11,96,90
11,97,90
11,98,90
11,99,90
11,100,90
12,1,90
12,2,90
12,3,90
12,4,90
12,5,90
12,6,90
12,7,90
12,8,90
12,9,90
12,10,90
12,11,90
12,12,0
12,13,90
12,14,90
12,15,90
12,16,90
12,17,90
12,18,90
12,19,90
12,20,90
12,21,90
12,22,90
12,23,90
12,24,90
12,25,90
12,26,90
12,27,90
12,28,90
12,29,90
12,30,90
12,31,90
12,32,90
12,33,90
12,34,90
12,35,90
12,36,90
12,37,90
12,38,90
12,39,90
12,40,90
12,41,90
12,42,90
12,43,90
12,44,90
12,45,90
12,46,90
12,47,90
12,48,90
12,49,90
12,50,90
12,51,90
12,52,90
12,53,90
12,54,90
12,55,90
12,56,90
12,57,90
12,58,90
12,59,90
12,60,90
12,61,90
12,62,90
12,63,90
12,64,90
12,65,90
12,66,90
12,67,90
12,68,90
12,69,90
12,70,90
12,71,90
12,72,90
12,73,90
12,74,90
12,75,90
12,76,90
12,77,90
12,78,90
12,79,90
12,80,90
12,81,90
12,82,90
12,83,90
12,84,90
12,85,90
12,86,90
12,87,90
12,88,90
12,89,90
12,90,90
12,91,90
12,92,90
12,93,90
12,94,90
12,95,90
12,96,90
12,97,90
12,98,90
12,99,90
12,100,90
13,1,90
13,2,90
13,3,90
13,4,90
13,5,90
13,6,90
13,7,90
13,8,90
13,9,90
13,10,90
13,11,90
13,12,90
13,13,0
13,14,90
13,15,90
13,16,90
13,17,90
13,18,90
13,19,90
13,20,90
13,21,90
13,22,90
13,23,90
13,24,90
13,25,90
13,26,90
13,27,90
13,28,90
13,29,90
13,30,90
13,31,90
13,32,90
13,33,90
13,34,90
13,35,90
13,36,90
13,37,90
13,38,90
13,39,90
13,40,90
13,41,90
13,42,90
13,43,90
13,44,90
13,45,90
13,46,90
13,47,90
13,48,90
13,49,90
13,50,90
13,51,90
13,52,90
13,53,90
13,54,90
13,55,90
13,56,90
13,57,90
13,58,90
13,59,90
13,60,90
13,61,90
13,62,90
13,63,90
13,64,90
13,65,90
13,66,90
13,67,90
13,68,90
13,69,90
13,70,90
13,71,90
13,72,90
13,73,90
13,74,90
13,75,90
13,76,90
13,77,90
13,78,90
13,79,90
13,80,90
13,81,90
13,82,90
13,83,90
13,84,90
13,85,90
13,86,90
13,87,90
13,88,90
13,89,90
13,90,90
13,91,90
13,92,90
13,93,90
13,94,90
13,95,90
13,96,90
13,97,90
13,98,90
13,99,90
13,100,90
14,1,90
14,2,90
14,3,90
14,4,90
14,5,90
14,6,90
14,7,90
14,8,90
14,9,90
14,10,90
14,11,90
14,12,90
14,13,90
14,14,0
14,15,90
14,16,90
14,17,90
14,18,90
14,19,90
14,20,90
14,21,90
14,22,90
14,23,90
14,24,90
14,25,90
14,26,90
14,27,90
14,28,90
14,29,90
14,30,90
14,31,90
14,32,90
14,33,90
14,34,90
14,35,90
14,36,90
14,37,90
14,38,90
14,39,90
14,40,90
14,41,90
14,42,90
14,43,90
14,44,90
14,45,90
14,46,90
14,47,90
14,48,90
14,49,90
14,50,90
14,51,90
14,52,90
14,53,90
14,54,90
14,55,90
14,56,90
14,57,90
14,58,90
14,59,90
14,60,90
14,61,90
14,62,90
14,63,90
14,64,90
14,65,90
14,66,90
14,67,90
14,68,90
14,69,90
14,70,90
14,71,90
14,72,90
14,73,90
14,74,90
14,75,90
14,76,90
14,77,90
14,78,90
14,79,90
14,80,90
14,81,90
14,82,90
14,83,90
14,84,90
14,85,90
14,86,90
14,87,90
14,88,90
14,89,90
14,90,90
14,91,90
14,92,90
14,93,90
14,94,90
14,95,90
14,96,90
14,97,90
14,98,90
14,99,90
14,100,90
15,1,90
15,2,90
15,3,90
15,4,90
15,5,90
15,6,90
15,7,90
15,8,90
15,9,90
15,10,90
15,11,90
15,12,90
15,13,90
15,14,90
15,15,0
15,16,90
15,17,90
15,18,90
15,19,90
15,20,90
15,21,90
15,22,90
15,23,90
15,24,90
15,25,90
15,26,90
15,27,90
15,28,90
15,29,90
15,30,90
15,31,90
15,32,90
15,33,90
15,34,90
15,35,90
15,36,90
15,37,90
15,38,90
15,39,90
15,40,90
15,41,90
15,42,90
15,43,90
15,44,90
15,45,90
15,46,90
15,47,90
15,48,90
15,49,90
15,50,90
15,51,90
15,52,90
15,53,90
15,54,90
15,55,90
15,56,90
15,57,90
15,58,90
15,59,90
15,60,90
15,61,90
15,62,90
15,63,90
15,64,90
15,65,90
15,66,90
15,67,90
15,68,90
15,69,90
15,70,90
15,71,90
15,72,90
15,73,90
15,74,90
15,75,90
15,76,90
15,77,90
15,78,90
15,79,90
15,80,90
15,81,90
15,82,90
15,83,90
15,84,90
15,85,90
15,86,90
15,87,90
15,88,90
15,89,90
15,90,90
15,91,90
15,92,90
15,93,90
15,94,90
15,95,90
15,96,90
15,97,90
15,98,90
15,99,90
15,100,90
16,1,90
16,2,90
16,3,90
16,4,90
16,5,90
16,6,90
16,7,90
16,8,90
16,9,90
16,10,90
16,11,90
16,12,90
16,13,90
16,14,90
16,15,90
16,16,0
16,17,90
16,18,90
16,19,90
16,20,90
16,21,90
16,22,90
16,23,90
16,24,90
16,25,90
16,26,90
16,27,90
16,28,90
16,29,90
16,30,90
16,31,90
16,32,90
16,33,90
16,34,90
16,35,90
16,36,90
16,37,90
16,38,90
16,39,90
16,40,90
16,41,90
16,42,90
16,43,90
16,44,90
16,45,90
16,46,90
16,47,90
16,48,90
16,49,90
16,50,90
16,51,90
16,52,90
16,53,90
16,54,90
16,55,90
16,56,90
16,57,90
16,58,90
16,59,90
16,60,90
16,61,90
16,62,90
16,63,90
16,64,90
16,65,90
16,66,90
16,67,90
16,68,90
16,69,90
16,70,90
16,71,90
16,72,90
16,73,90
16,74,90
16,75,90
16,76,90
16,77,90
16,78,90
16,79,90
16,80,90
16,81,90
16,82,90
16,83,90
16,84,90
16,85,90
16,86,90
16,87,90
16,88,90
16,89,90
16,90,90
16,91,90
16,92,90
16,93,90
16,94,90
16,95,90
16,96,90
16,97,90
16,98,90
16,99,90
16,100,90
17,1,90
17,2,90
17,3,90
17,4,90
17,5,90
17,6,90
17,7,90
17,8,90
17,9,90
17,10,90
17,11,90
17,12,90
17,13,90
17,14,90
17,15,90
17,16,90
17,17,0
17,18,90
17,19,90
17,20,90
17,21,90
17,22,90
17,23,90
17,24,90
17,25,90
17,26,90
17,27,90
17,28,90
17,29,90
17,30,90
17,31,90
17,32,90
17,33,90
17,34,90
17,35,90
17,36,90
17,37,90
17,38,90
17,39,90
17,40,90
17,41,90
17,42,90
17,43,90
17,44,90
17,45,90
17,46,90
17,47,90
17,48,90
17,49,90
17,50,90
17,51,90
17,52,90
17,53,90
17,54,90
17,55,90
17,56,90
17,57,90
17,58,90
17,59,90
17,60,90
17,61,90
17,62,90
17,63,90
17,64,90
17,65,90
17,66,90
17,67,90
17,68,90
17,69,90
17,70,90
17,71,90
17,72,90
17,73,90
17,74,90
17,75,90
17,76,90
17,77,90
17,78,90
17,79,90
17,80,90
17,81,90
17,82,90
17,83,90
17,84,90
17,85,90
17,86,90
17,87,90
17,88,90
17,89,90
17,90,90
17,91,90
17,92,90
17,93,90
17,94,90
17,95,90
17,96,90
17,97,90
17,98,90
17,99,90
17,100,90
18,1,90
18,2,90
18,3,90
18,4,90
18,5,90
18,6,90
18,7,90
18,8,90
18,9,90
18,10,90
18,11,90
18,12,90
18,13,90
18,14,90
18,15,90
18,16,90
18,17,90
18,18,0
18,19,90
18,20,90
18,21,90
18,22,90
18,23,90
18,24,90
18,25,90
18,26,90
18,27,90
18,28,90
18,29,90
18,30,90
18,31,90
18,32,90
18,33,90
18,34,90
18,35,90
18,36,90
18,37,90
18,38,90
18,39,90
18,40,90
18,41,90
18,42,90
18,43,90
18,44,90
18,45,90
18,46,90
18,47,90
18,48,90
18,49,90
18,50,90
18,51,90
18,52,90
18,53,90
18,54,90
18,55,90
18,56,90
18,57,90
18,58,90
18,59,90
18,60,90
18,61,90
18,62,90
18,63,90
18,64,90
18,65,90
18,66,90
18,67,90
18,68,90
18,69,90
18,70,90
18,71,90
18,72,90
18,73,90
18,74,90
18,75,90
18,76,90
18,77,90
18,78,90
18,79,90
18,80,90
18,81,90
18,82,90
18,83,90
18,84,90
18,85,90
18,86,90
18,87,90
18,88,90
18,89,90
18,90,90
18,91,90
18,92,90
18,93,90
18,94,90
18,95,90
18,96,90
18,97,90
18,98,90
18,99,90
18,100,90
19,1,90
19,2,90
19,3,90
19,4,90
19,5,90
19,6,90
19,7,90
19,8,90
19,9,90
19,10,90
19,11,90
19,12,90
19,13,90
19,14,90
19,15,90
19,16,90
19,17,90
19,18,90
19,19,0
19,20,90
19,21,90
19,22,90
19,23,90
19,24,90
19,25,90
19,26,90
19,27,90
19,28,90
19,29,90
19,30,90
19,31,90
19,32,90
19,33,90
19,34,90
19,35,90
19,36,90
19,37,90
19,38,90
19,39,90
19,40,90
19,41,90
19,42,90
19,43,90
19,44,90
19,45,90
19,46,90
19,47,90
19,48,90
19,49,90
19,50,90
19,51,90
19,52,90
19,53,90
19,54,90
19,55,90
19,56,90
19,57,90
19,58,90
19,59,90
19,60,90
19,61,90
19,62,90
19,63,90
19,64,90
19,65,90
19,66,90
19,67,90
19,68,90
19,69,90
19,70,90
19,71,90
19,72,90
19,73,90
19,74,90
19,75,90
19,76,90
19,77,90
19,78,90
19,79,90
19,80,90
19,81,90
19,82,90
19,83,90
19,84,90
19,85,90
19,86,90
19,87,90
19,88,90
19,89,90
19,90,90
19,91,90
19,92,90
19,93,90
19,94,90
19,95,90
19,96,90
19,97,90
19,98,90
19,99,90
19,100,90
20,1,90
20,2,90
20,3,90
20,4,90
20,5,90
20,6,90
20,7,90
20,8,90
20,9,90
20,10,90
20,11,90
20,12,90
20,13,90
20,14,90
20,15,90
20,16,90
20,17,90
20,18,90
20,19,90
20,20,0
20,21,90
20,22,90
20,23,90
20,24,90
20,25,90
20,26,90
20,27,90
20,28,90
20,29,90
20,30,90
20,31,90
20,32,90
20,33,90
20,34,90
20,35,90
20,36,90
20,37,90
20,38,90
20,39,90
20,40,90
20,41,90
20,42,90
20,43,90
20,44,90
20,45,90
20,46,90
20,47,90
20,48,90
20,49,90
20,50,90
20,51,90
20,52,90
20,53,90
20,54,90
20,55,90
20,56,90
20,57,90
20,58,90
20,59,90
20,60,90
20,61,90
20,62,90
20,63,90
20,64,90
20,65,90
20,66,90
20,67,90
20,68,90
20,69,90
20,70,90
20,71,90
20,72,90
20,73,90
20,74,90
20,75,90
20,76,90
20,77,90
20,78,90
20,79,90
20,80,90
20,81,90
20,82,90
20,83,90
20,84,90
20,85,90
20,86,90
20,87,90
20,88,90
20,89,90
20,90,90
20,91,90
20,92,90
20,93,90
20,94,90
20,95,90
20,96,90
20,97,90
20,98,90
20,99,90
20,100,90
21,1,90
21,2,90
21,3,90
21,4,90
21,5,90
21,6,90
21,7,90
21,8,90
21,9,90
21,10,90
21,11,90
21,12,90
21,13,90
21,14,90
21,15,90
21,16,90
21,17,90
21,18,90
21,19,90
21,20,90
21,21,0
21,22,90
21,23,90
21,24,90
21,25,90
21,26,90
21,27,90
21,28,90
21,29,90
21,30,90
21,31,90
21,32,90
21,33,90
21,34,90
21,35,90
21,36,90
21,37,90
21,38,90
21,39,90
21,40,90
21,41,90
21,42,90
21,43,90
21,44,90
21,45,90
21,46,90
21,47,90
21,48,90
21,49,90
21,50,90
21,51,90
21,52,90
21,53,90
21,54,90
21,55,90
21,56,90
21,57,90
21,58,90
21,59,90
21,60,90
21,61,90
21,62,90
21,63,90
21,64,90
21,65,90
21,66,90
21,67,90
21,68,90
21,69,90
21,70,90
21,71,90
21,72,90
21,73,90
21,74,90
21,75,90
21,76,90
21,77,90
21,78,90
21,79,90
21,80,90
21,81,90
21,82,90
21,83,90
21,84,90
21,85,90
21,86,90
21,87,90
21,88,90
21,89,90
21,90,90
21,91,90
21,92,90
21,93,90
21,94,90
21,95,90
21,96,90
21,97,90
21,98,90
21,99,90
21,100,90
22,1,90
22,2,90
22,3,90
22,4,90
22,5,90
22,6,90
22,7,90
22,8,90
22,9,90
22,10,90
22,11,90
22,12,90
22,13,90
22,14,90
22,15,90
22,16,90
22,17,90
22,18,90
22,19,90
22,20,90
22,21,90
22,22,0
22,23,90
22,24,90
22,25,90
22,26,90
22,27,90
22,28,90
22,29,90
22,30,90
22,31,90
22,32,90
22,33,90
22,34,90
22,35,90
22,36,90
22,37,90
22,38,90
22,39,90
22,40,90
22,41,90
22,42,90
22,43,90
22,44,90
22,45,90
22,46,90
22,47,90
22,48,90
22,49,90
22,50,90
22,51,90
22,52,90
22,53,90
22,54,90
22,55,90
22,56,90
22,57,90
22,58,90
22,59,90
22,60,90
22,61,90
22,62,90
22,63,90
22,64,90
22,65,90
22,66,90
22,67,90
22,68,90
22,69,90
22,70,90
22,71,90
22,72,90
22,73,90
22,74,90
22,75,90
22,76,90
22,77,90
22,78,90
22,79,90
22,80,90
22,81,90
22,82,90
22,83,90
22,84,90
22,85,90
22,86,90
22,87,90
22,88,90
22,89,90
22,90,90
22,91,90
22,92,90
22,93,90
22,94,90
22,95,90
22,96,90
22,97,90
22,98,90
22,99,90
22,100,90
23,1,90
23,2,90
23,3,90
23,4,90
23,5,90
23,6,90
23,7,90
23,8,90
23,9,90
23,10,90
23,11,90
23,12,90
23,13,90
23,14,90
23,15,90
23,16,90
23,17,90
23,18,90
23,19,90
23,20,90
23,21,90
23,22,90
23,23,0
23,24,90
23,25,90
23,26,90
23,27,90
23,28,90
23,29,90
23,30,90
23,31,90
23,32,90
23,33,90
23,34,90
23,35,90
23,36,90
23,37,90
23,38,90
23,39,90
23,40,90
23,41,90
23,42,90
23,43,90
23,44,90
23,45,90
23,46,90
23,47,90
23,48,90
23,49,90
23,50,90
23,51,90
23,52,90
23,53,90
23,54,90
23,55,90
23,56,90
23,57,90
23,58,90
23,59,90
23,60,90
23,61,90
23,62,90
23,63,90
23,64,90
23,65,90
23,66,90
23,67,90
23,68,90
23,69,90
23,70,90
23,71,90
23,72,90
23,73,90
23,74,90
23,75,90
23,76,90
23,77,90
23,78,90
23,79,90
23,80,90
23,81,90
23,82,90
23,83,90
23,84,90
23,85,90
23,86,90
23,87,90
23,88,90
23,89,90
23,90,90
23,91,90
23,92,90
23,93,90
23,94,90
23,95,90
23,96,90
23,97,90
23,98,90
23,99,90
23,100,90
24,1,90
24,2,90
24,3,90
24,4,90
24,5,90
24,6,90
24,7,90
24,8,90
24,9,90
24,10,90
24,11,90
24,12,90
24,13,90
24,14,90
24,15,90
24,16,90
24,17,90
24,18,90
24,19,90
24,20,90
24,21,90
24,22,90
24,23,90
24,24,0
24,25,90
24,26,90
24,27,90
24,28,90
24,29,90
24,30,90
24,31,90
24,32,90
24,33,90
24,34,90
24,35,90
24,36,90
24,37,90
24,38,90
24,39,90
24,40,90
24,41,90
24,42,90
24,43,90
24,44,90
24,45,90
24,46,90
24,47,90
24,48,90
24,49,90
24,50,90
24,51,90
24,52,90
24,53,90
24,54,90
24,55,90
24,56,90
24,57,90
24,58,90
24,59,90
24,60,90
24,61,90
24,62,90
24,63,90
24,64,90
24,65,90
24,66,90
24,67,90
24,68,90
24,69,90
24,70,90
24,71,90
24,72,90
24,73,90
24,74,90
24,75,90
24,76,90
24,77,90
24,78,90
24,79,90
24,80,90
24,81,90
24,82,90
24,83,90
24,84,90
24,85,90
24,86,90
24,87,90
24,88,90
24,89,90
24,90,90
24,91,90
24,92,90
24,93,90
24,94,90
24,95,90
24,96,90
24,97,90
24,98,90
24,99,90
24,100,90
25,1,90
25,2,90
25,3,90
25,4,90
25,5,90
25,6,90
25,7,90
25,8,90
25,9,90
25,10,90
25,11,90
25,12,90
25,13,90
25,14,90
25,15,90
25,16,90
25,17,90
25,18,90
25,19,90
25,20,90
25,21,90
25,22,90
25,23,90
25,24,90
25,25,0
25,26,90
25,27,90
25,28,90
25,29,90
25,30,90
25,31,90
25,32,90
25,33,90
25,34,90
25,35,90
25,36,90
25,37,90
25,38,90
25,39,90
25,40,90
25,41,90
25,42,90
25,43,90
25,44,90
25,45,90
25,46,90
25,47,90
25,48,90
25,49,90
25,50,90
25,51,90
25,52,90
25,53,90
25,54,90
25,55,90
25,56,90
25,57,90
25,58,90
25,59,90
25,60,90
25,61,90
25,62,90
25,63,90
25,64,90
25,65,90
25,66,90
25,67,90
25,68,90
25,69,90
25,70,90
25,71,90
25,72,90
25,73,90
25,74,90
25,75,90
25,76,90
25,77,90
25,78,90
25,79,90
25,80,90
25,81,90
25,82,90
25,83,90
25,84,90
25,85,90
25,86,90
25,87,90
25,88,90
25,89,90
25,90,90
25,91,90
25,92,90
25,93,90
25,94,90
25,95,90
25,96,90
25,97,90
25,98,90
25,99,90
25,100,90
26,1,90
26,2,90
26,3,90
26,4,90
26,5,90
26,6,90
26,7,90
26,8,90
26,9,90
26,10,90
26,11,90
26,12,90
26,13,90
26,14,90
26,15,90
26,16,90
26,17,90
26,18,90
26,19,90
26,20,90
26,21,90
26,22,90
26,23,90
26,24,90
26,25,90
26,26,0
26,27,90
26,28,90
26,29,90
26,30,90
26,31,90
26,32,90
26,33,90
26,34,90
26,35,90
26,36,90
26,37,90
26,38,90
26,39,90
26,40,90
26,41,90
26,42,90
26,43,90
26,44,90
26,45,90
26,46,90
26,47,90
26,48,90
26,49,90
26,50,90
26,51,90
26,52,90
26,53,90
26,54,90
26,55,90
26,56,90
26,57,90
26,58,90
26,59,90
26,60,90
26,61,90
26,62,90
26,63,90
26,64,90
26,65,90
26,66,90
26,67,90
26,68,90
26,69,90
26,70,90
26,71,90
26,72,90
26,73,90
26,74,90
26,75,90
26,76,90
26,77,90
26,78,90
26,79,90
26,80,90
26,81,90
26,82,90
26,83,90
26,84,90
26,85,90
26,86,90
26,87,90
26,88,90
26,89,90
26,90,90
26,91,90
26,92,90
26,93,90
26,94,90
26,95,90
26,96,90
26,97,90
26,98,90
26,99,90
26,100,90
27,1,90
27,2,90
27,3,90
27,4,90
27,5,90
27,6,90
27,7,90
27,8,90
27,9,90
27,10,90
27,11,90
27,12,90
27,13,90
27,14,90
27,15,90
27,16,90
27,17,90
27,18,90
27,19,90
27,20,90
27,21,90
27,22,90
27,23,90
27,24,90
27,25,90
27,26,90
27,27,0
27,28,90
27,29,90
27,30,90
27,31,90
27,32,90
27,33,90
27,34,90
27,35,90
27,36,90
27,37,90
27,38,90
27,39,90
27,40,90
27,41,90
27,42,90
27,43,90
27,44,90
27,45,90
27,46,90
27,47,90
27,48,90
27,49,90
27,50,90
27,51,90
27,52,90
27,53,90
27,54,90
27,55,90
27,56,90
27,57,90
27,58,90
27,59,90
27,60,90
27,61,90
27,62,90
27,63,90
27,64,90
27,65,90
27,66,90
27,67,90
27,68,90
27,69,90
27,70,90
27,71,90
27,72,90
27,73,90
27,74,90
27,75,90
27,76,90
27,77,90
27,78,90
27,79,90
27,80,90
27,81,90
27,82,90
27,83,90
27,84,90
27,85,90
27,86,90
27,87,90
27,88,90
27,89,90
27,90,90
27,91,90
27,92,90
27,93,90
27,94,90
27,95,90
27,96,90
27,97,90
27,98,90
27,99,90
27,100,90
28,1,90
28,2,90
28,3,90
28,4,90
28,5,90
28,6,90
28,7,90
28,8,90
28,9,90
28,10,90
28,11,90
28,12,90
28,13,90
28,14,90
28,15,90
28,16,90
28,17,90
28,18,90
28,19,90
28,20,90
28,21,90
28,22,90
28,23,90
28,24,90
28,25,90
28,26,90
28,27,90
28,28,0
28,29,90
28,30,90
28,31,90
28,32,90
28,33,90
28,34,90
28,35,90
28,36,90
28,37,90
28,38,90
28,39,90
28,40,90
28,41,90
28,42,90
28,43,90
28,44,90
28,45,90
28,46,90
28,47,90
28,48,90
28,49,90
28,50,90
28,51,90
28,52,90
28,53,90
28,54,90
28,55,90
28,56,90
28,57,90
28,58,90
28,59,90
28,60,90
28,61,90
28,62,90
28,63,90
28,64,90
28,65,90
28,66,90
28,67,90
28,68,90
28,69,90
28,70,90
28,71,90
28,72,90
28,73,90
28,74,90
28,75,90
28,76,90
28,77,90
28,78,90
28,79,90
28,80,90
28,81,90
28,82,90
28,83,90
28,84,90
28,85,90
28,86,90
28,87,90
28,88,90
28,89,90
28,90,90
28,91,90
28,92,90
28,93,90
28,94,90
28,95,90
28,96,90
28,97,90
28,98,90
28,99,90
28,100,90
29,1,90
29,2,90
29,3,90
29,4,90
29,5,90
29,6,90
29,7,90
29,8,90
29,9,90
29,10,90
29,11,90
29,12,90
29,13,90
29,14,90
29,15,90
29,16,90
29,17,90
29,18,90
29,19,90
29,20,90
29,21,90
29,22,90
29,23,90
29,24,90
29,25,90
29,26,90
29,27,90
29,28,90
29,29,0
29,30,90
29,31,90
29,32,90
29,33,90
29,34,90
29,35,90
29,36,90
29,37,90
29,38,90
29,39,90
29,40,90
29,41,90
29,42,90
29,43,90
29,44,90
29,45,90
29,46,90
29,47,90
29,48,90
29,49,90
29,50,90
29,51,90
29,52,90
29,53,90
29,54,90
29,55,90
29,56,90
29,57,90
29,58,90
29,59,90
29,60,90
29,61,90
29,62,90
29,63,90
29,64,90
29,65,90
29,66,90
29,67,90
29,68,90
29,69,90
29,70,90
29,71,90
29,72,90
29,73,90
29,74,90
29,75,90
29,76,90
29,77,90
29,78,90
29,79,90
29,80,90
29,81,90
29,82,90
29,83,90
29,84,90
29,85,90
29,86,90
29,87,90
29,88,90
29,89,90
29,90,90
29,91,90
29,92,90
29,93,90
29,94,90
29,95,90
29,96,90
29,97,90
29,98,90
29,99,90
29,100,90
30,1,90
30,2,90
30,3,90
30,4,90
30,5,90
30,6,90
30,7,90
30,8,90
30,9,90
30,10,90
30,11,90
30,12,90
30,13,90
30,14,90
30,15,90
30,16,90
30,17,90
30,18,90
30,19,90
30,20,90
30,21,90
30,22,90
30,23,90
30,24,90
30,25,90
30,26,90
30,27,90
30,28,90
30,29,90
30,30,0
30,31,90
30,32,90
30,33,90
30,34,90
30,35,90
30,36,90
30,37,90
30,38,90
30,39,90
30,40,90
30,41,90
30,42,90
30,43,90
30,44,90
30,45,90
30,46,90
30,47,90
30,48,90
30,49,90
30,50,90
30,51,90
30,52,90
30,53,90
30,54,90
30,55,90
30,56,90
30,57,90
30,58,90
30,59,90
30,60,90
30,61,90
30,62,90
30,63,90
30,64,90
30,65,90
30,66,90
30,67,90
30,68,90
30,69,90
30,70,90
30,71,90
30,72,90
30,73,90
30,74,90
30,75,90
30,76,90
30,77,90
30,78,90
30,79,90
30,80,90
30,81,90
30,82,90
30,83,90
30,84,90
30,85,90
30,86,90
30,87,90
30,88,90
30,89,90
30,90,90
30,91,90
30,92,90
30,93,90
30,94,90
30,95,90
30,96,90
30,97,90
30,98,90
30,99,90
30,100,90
31,1,90
31,2,90
31,3,90
31,4,90
31,5,90
31,6,90
31,7,90
31,8,90
31,9,90
31,10,90
31,11,90
31,12,90
31,13,90
31,14,90
31,15,90
31,16,90
31,17,90
31,18,90
31,19,90
31,20,90
31,21,90
31,22,90
31,23,90
31,24,90
31,25,90
31,26,90
31,27,90
31,28,90
31,29,90
31,30,90
31,31,0
31,32,90
31,33,90
31,34,90
31,35,90
31,36,90
31,37,90
31,38,90
31,39,90
31,40,90
31,41,90
31,42,90
31,43,90
31,44,90
31,45,90
31,46,90
31,47,90
31,48,90
31,49,90
31,50,90
31,51,90
31,52,90
31,53,90
31,54,90
31,55,90
31,56,90
31,57,90
31,58,90
31,59,90
31,60,90
31,61,90
31,62,90
31,63,90
31,64,90
31,65,90
31,66,90
31,67,90
31,68,90
31,69,90
31,70,90
31,71,90
31,72,90
31,73,90
31,74,90
31,75,90
31,76,90
31,77,90
31,78,90
31,79,90
31,80,90
31,81,90
31,82,90
31,83,90
31,84,90
31,85,90
31,86,90
31,87,90
31,88,90
31,89,90
31,90,90
31,91,90
31,92,90
31,93,90
31,94,90
31,95,90
31,96,90
31,97,90
31,98,90
31,99,90
31,100,90
32,1,90
32,2,90
32,3,90
32,4,90
32,5,90
32,6,90
32,7,90
32,8,90
32,9,90
32,10,90
32,11,90
32,12,90
32,13,90
32,14,90
32,15,90
32,16,90
32,17,90
32,18,90
32,19,90
32,20,90
32,21,90
32,22,90
32,23,90
32,24,90
32,25,90
32,26,90
32,27,90
32,28,90
32,29,90
32,30,90
32,31,90
32,32,0
32,33,90
32,34,90
32,35,90
32,36,90
32,37,90
32,38,90
32,39,90
32,40,90
32,41,90
32,42,90
32,43,90
32,44,90
32,45,90
32,46,90
32,47,90
32,48,90
32,49,90
32,50,90
32,51,90
32,52,90
32,53,90
32,54,90
32,55,90
32,56,90
32,57,90
32,58,90
32,59,90
32,60,90
32,61,90
32,62,90
32,63,90
32,64,90
32,65,90
32,66,90
32,67,90
32,68,90
32,69,90
32,70,90
32,71,90
32,72,90
32,73,90
32,74,90
32,75,90
32,76,90
32,77,90
32,78,90
32,79,90
32,80,90
32,81,90
32,82,90
32,83,90
32,84,90
32,85,90
32,86,90
32,87,90
32,88,90
32,89,90
32,90,90
32,91,90
32,92,90
32,93,90
32,94,90
32,95,90
32,96,90
32,97,90
32,98,90
32,99,90
32,100,90
33,1,90
33,2,90
33,3,90
33,4,90
33,5,90
33,6,90
33,7,90
33,8,90
33,9,90
33,10,90
33,11,90
33,12,90
33,13,90
33,14,90
33,15,90
33,16,90
33,17,90
33,18,90
33,19,90
33,20,90
33,21,90
33,22,90
33,23,90
33,24,90
33,25,90
33,26,90
33,27,90
33,28,90
33,29,90
33,30,90
33,31,90
33,32,90
33,33,0
33,34,90
33,35,90
33,36,90
33,37,90
33,38,90
33,39,90
33,40,90
33,41,90
33,42,90
33,43,90
33,44,90
33,45,90
33,46,90
33,47,90
33,48,90
33,49,90
33,50,90
33,51,90
33,52,90
33,53,90
33,54,90
33,55,90
33,56,90
33,57,90
33,58,90
33,59,90
33,60,90
33,61,90
33,62,90
33,63,90
33,64,90
33,65,90
33,66,90
33,67,90
33,68,90
33,69,90
33,70,90
33,71,90
33,72,90
33,73,90
33,74,90
33,75,90
33,76,90
33,77,90
33,78,90
33,79,90
33,80,90
33,81,90
33,82,90
33,83,90
33,84,90
33,85,90
33,86,90
33,87,90
33,88,90
33,89,90
33,90,90
33,91,90
33,92,90
33,93,90
33,94,90
33,95,90
33,96,90
33,97,90
33,98,90
33,99,90
33,100,90
34,1,90
34,2,90
34,3,90
34,4,90
34,5,90
34,6,90
34,7,90
34,8,90
34,9,90
34,10,90
34,11,90
34,12,90
34,13,90
34,14,90
34,15,90
34,16,90
34,17,90
34,18,90
34,19,90
34,20,90
34,21,90
34,22,90
34,23,90
34,24,90
34,25,90
34,26,90
34,27,90
34,28,90
34,29,90
34,30,90
34,31,90
34,32,90
34,33,90
34,34,0
34,35,90
34,36,90
34,37,90
34,38,90
34,39,90
34,40,90
34,41,90
34,42,90
34,43,90
34,44,90
34,45,90
34,46,90
34,47,90
34,48,90
34,49,90
34,50,90
34,51,90
34,52,90
34,53,90
34,54,90
34,55,90
34,56,90
34,57,90
34,58,90
34,59,90
34,60,90
34,61,90
34,62,90
34,63,90
34,64,90
34,65,90
34,66,90
34,67,90
34,68,90
34,69,90
34,70,90
34,71,90
34,72,90
34,73,90
34,74,90
34,75,90
34,76,90
34,77,90
34,78,90
34,79,90
34,80,90
34,81,90
34,82,90
34,83,90
34,84,90
34,85,90
34,86,90
34,87,90
34,88,90
34,89,90
34,90,90
34,91,90
34,92,90
34,93,90
34,94,90
34,95,90
34,96,90
34,97,90
34,98,90
34,99,90
34,100,90
35,1,90
35,2,90
35,3,90
35,4,90
35,5,90
35,6,90
35,7,90
35,8,90
35,9,90
35,10,90
35,11,90
35,12,90
35,13,90
35,14,90
35,15,90
35,16,90
35,17,90
35,18,90
35,19,90
35,20,90
35,21,90
35,22,90
35,23,90
35,24,90
35,25,90
35,26,90
35,27,90
35,28,90
35,29,90
35,30,90
35,31,90
35,32,90
35,33,90
35,34,90
35,35,0
35,36,90
35,37,90
35,38,90
35,39,90
35,40,90
35,41,90
35,42,90
35,43,90
35,44,90
35,45,90
35,46,90
35,47,90
35,48,90
35,49,90
35,50,90
35,51,90
35,52,90
35,53,90
35,54,90
35,55,90
35,56,90
35,57,90
35,58,90
35,59,90
35,60,90
35,61,90
35,62,90
35,63,90
35,64,90
35,65,90
35,66,90
35,67,90
35,68,90
35,69,90
35,70,90
35,71,90
35,72,90
35,73,90
35,74,90
35,75,90
35,76,90
35,77,90
35,78,90
35,79,90
35,80,90
35,81,90
35,82,90
35,83,90
35,84,90
35,85,90
35,86,90
35,87,90
35,88,90
35,89,90
35,90,90
35,91,90
35,92,90
35,93,90
35,94,90
35,95,90
35,96,90
35,97,90
35,98,90
35,99,90
35,100,90
36,1,90
36,2,90
36,3,90
36,4,90
36,5,90
36,6,90
36,7,90
36,8,90
36,9,90
36,10,90
36,11,90
36,12,90
36,13,90
36,14,90
36,15,90
36,16,90
36,17,90
36,18,90
36,19,90
36,20,90
36,21,90
36,22,90
36,23,90
36,24,90
36,25,90
36,26,90
36,27,90
36,28,90
36,29,90
36,30,90
36,31,90
36,32,90
36,33,90
36,34,90
36,35,90
36,36,0
36,37,90
36,38,90
36,39,90
36,40,90
36,41,90
36,42,90
36,43,90
36,44,90
36,45,90
36,46,90
36,47,90
36,48,90
36,49,90
36,50,90
36,51,90
36,52,90
36,53,90
36,54,90
36,55,90
36,56,90
36,57,90
36,58,90
36,59,90
36,60,90
36,61,90
36,62,90
36,63,90
36,64,90
36,65,90
36,66,90
36,67,90
36,68,90
36,69,90
36,70,90
36,71,90
36,72,90
36,73,90
36,74,90
36,75,90
36,76,90
36,77,90
36,78,90
36,79,90
36,80,90
36,81,90
36,82,90
36,83,90
36,84,90
36,85,90
36,86,90
36,87,90
36,88,90
36,89,90
36,90,90
36,91,90
36,92,90
36,93,90
36,94,90
36,95,90
36,96,90
36,97,90
36,98,90
36,99,90
36,100,90
37,1,90
37,2,90
37,3,90
37,4,90
37,5,90
37,6,90
37,7,90
37,8,90
37,9,90
37,10,90
37,11,90
37,12,90
37,13,90
37,14,90
37,15,90
37,16,90
37,17,90
37,18,90
37,19,90
37,20,90
37,21,90
37,22,90
37,23,90
37,24,90
37,25,90
37,26,90
37,27,90
37,28,90
37,29,90
37,30,90
37,31,90
37,32,90
37,33,90
37,34,90
37,35,90
37,36,90
37,37,0
37,38,90
37,39,90
37,40,90
37,41,90
37,42,90
37,43,90
37,44,90
37,45,90
37,46,90
37,47,90
37,48,90
37,49,90
37,50,90
37,51,90
37,52,90
37,53,90
37,54,90
37,55,90
37,56,90
37,57,90
37,58,90
37,59,90
37,60,90
37,61,90
37,62,90
37,63,90
37,64,90
37,65,90
37,66,90
37,67,90
37,68,90
37,69,90
37,70,90
37,71,90
37,72,90
37,73,90
37,74,90
37,75,90
37,76,90
37,77,90
37,78,90
37,79,90
37,80,90
37,81,90
37,82,90
37,83,90
37,84,90
37,85,90
37,86,90
37,87,90
37,88,90
37,89,90
37,90,90
37,91,90
37,92,90
37,93,90
37,94,90
37,95,90
37,96,90
37,97,90
37,98,90
37,99,90
37,100,90
38,1,90
38,2,90
38,3,90
38,4,90
38,5,90
38,6,90
38,7,90
38,8,90
38,9,90
38,10,90
38,11,90
38,12,90
38,13,90
38,14,90
38,15,90
38,16,90
38,17,90
38,18,90
38,19,90
38,20,90
38,21,90
38,22,90
38,23,90
38,24,90
38,25,90
38,26,90
38,27,90
38,28,90
38,29,90
38,30,90
38,31,90
38,32,90
38,33,90
38,34,90
38,35,90
38,36,90
38,37,90
38,38,0
38,39,90
38,40,90
38,41,90
38,42,90
38,43,90
38,44,90
38,45,90
38,46,90
38,47,90
38,48,90
38,49,90
38,50,90
38,51,90
38,52,90
38,53,90
38,54,90
38,55,90
38,56,90
38,57,90
38,58,90
38,59,90
38,60,90
38,61,90
38,62,90
38,63,90
38,64,90
38,65,90
38,66,90
38,67,90
38,68,90
38,69,90
38,70,90
38,71,90
38,72,90
38,73,90
38,74,90
38,75,90
38,76,90
38,77,90
38,78,90
38,79,90
38,80,90
38,81,90
38,82,90
38,83,90
38,84,90
38,85,90
38,86,90
38,87,90
38,88,90
38,89,90
38,90,90
38,91,90
38,92,90
38,93,90
38,94,90
38,95,90
38,96,90
38,97,90
38,98,90
38,99,90
38,100,90
39,1,90
39,2,90
39,3,90
39,4,90
39,5,90
39,6,90
39,7,90
39,8,90
39,9,90
39,10,90
39,11,90
39,12,90
39,13,90
39,14,90
39,15,90
39,16,90
39,17,90
39,18,90
39,19,90
39,20,90
39,21,90
39,22,90
39,23,90
39,24,90
39,25,90
39,26,90
39,27,90
39,28,90
39,29,90
39,30,90
39,31,90
39,32,90
39,33,90
39,34,90
39,35,90
39,36,90
39,37,90
39,38,90
39,39,0
39,40,90
39,41,90
39,42,90
39,43,90
39,44,90
39,45,90
39,46,90
39,47,90
39,48,90
39,49,90
39,50,90
39,51,90
39,52,90
39,53,90
39,54,90
39,55,90
39,56,90
39,57,90
39,58,90
39,59,90
39,60,90
39,61,90
39,62,90
39,63,90
39,64,90
39,65,90
39,66,90
39,67,90
39,68,90
39,69,90
39,70,90
39,71,90
39,72,90
39,73,90
39,74,90
39,75,90
39,76,90
39,77,90
39,78,90
39,79,90
39,80,90
39,81,90
39,82,90
39,83,90
39,84,90
39,85,90
39,86,90
39,87,90
39,88,90
39,89,90
39,90,90
39,91,90
39,92,90
39,93,90
39,94,90
39,95,90
39,96,90
39,97,90
39,98,90
39,99,90
39,100,90
40,1,90
40,2,90
40,3,90
40,4,90
40,5,90
40,6,90
40,7,90
40,8,90
40,9,90
40,10,90
40,11,90
40,12,90
40,13,90
40,14,90
40,15,90
40,16,90
40,17,90
40,18,90
40,19,90
40,20,90
40,21,90
40,22,90
40,23,90
40,24,90
40,25,90
40,26,90
40,27,90
40,28,90
40,29,90
40,30,90
40,31,90
40,32,90
40,33,90
40,34,90
40,35,90
40,36,90
40,37,90
40,38,90
40,39,90
40,40,0
40,41,90
40,42,90
40,43,90
40,44,90
40,45,90
40,46,90
40,47,90
40,48,90
40,49,90
40,50,90
40,51,90
40,52,90
40,53,90
40,54,90
40,55,90
40,56,90
40,57,90
40,58,90
40,59,90
40,60,90
40,61,90
40,62,90
40,63,90
40,64,90
40,65,90
40,66,90
40,67,90
40,68,90
40,69,90
40,70,90
40,71,90
40,72,90
40,73,90
40,74,90
40,75,90
40,76,90
40,77,90
40,78,90
40,79,90
40,80,90
40,81,90
40,82,90
40,83,90
40,84,90
40,85,90
40,86,90
40,87,90
40,88,90
40,89,90
40,90,90
40,91,90
40,92,90
40,93,90
40,94,90
40,95,90
40,96,90
40,97,90
40,98,90
40,99,90
40,100,90
41,1,90
41,2,90
41,3,90
41,4,90
41,5,90
41,6,90
41,7,90
41,8,90
41,9,90
41,10,90
41,11,90
41,12,90
41,13,90
41,14,90
41,15,90
41,16,90
41,17,90
41,18,90
41,19,90
41,20,90
41,21,90
41,22,90
41,23,90
41,24,90
41,25,90
41,26,90
41,27,90
41,28,90
41,29,90
41,30,90
41,31,90
41,32,90
41,33,90
41,34,90
41,35,90
41,36,90
41,37,90
41,38,90
41,39,90
41,40,90
41,41,0
41,42,90
41,43,90
41,44,90
41,45,90
41,46,90
41,47,90
41,48,90
41,49,90
41,50,90
41,51,90
41,52,90
41,53,90
41,54,90
41,55,90
41,56,90
41,57,90
41,58,90
41,59,90
41,60,90
41,61,90
41,62,90
41,63,90
41,64,90
41,65,90
41,66,90
41,67,90
41,68,90
41,69,90
41,70,90
41,71,90
41,72,90
41,73,90
41,74,90
41,75,90
41,76,90
41,77,90
41,78,90
41,79,90
41,80,90
41,81,90
41,82,90
41,83,90
41,84,90
41,85,90
41,86,90
41,87,90
41,88,90
41,89,90
41,90,90
41,91,90
41,92,90
41,93,90
41,94,90
41,95,90
41,96,90
41,97,90
41,98,90
41,99,90
41,100,90
42,1,90
42,2,90
42,3,90
42,4,90
42,5,90
42,6,90
42,7,90
42,8,90
42,9,90
42,10,90
42,11,90
42,12,90
42,13,90
42,14,90
42,15,90
42,16,90
42,17,90
42,18,90
42,19,90
42,20,90
42,21,90
42,22,90
42,23,90
42,24,90
42,25,90
42,26,90
42,27,90
42,28,90
42,29,90
42,30,90
42,31,90
42,32,90
42,33,90
42,34,90
42,35,90
42,36,90
42,37,90
42,38,90
42,39,90
42,40,90
42,41,90
42,42,0
42,43,90
42,44,90
42,45,90
42,46,90
42,47,90
42,48,90
42,49,90
42,50,90
42,51,90
42,52,90
42,53,90
42,54,90
42,55,90
42,56,90
42,57,90
42,58,90
42,59,90
42,60,90
42,61,90
42,62,90
42,63,90
42,64,90
42,65,90
42,66,90
42,67,90
42,68,90
42,69,90
42,70,90
42,71,90
42,72,90
42,73,90
42,74,90
42,75,90
42,76,90
42,77,90
42,78,90
42,79,90
42,80,90
42,81,90
42,82,90
42,83,90
42,84,90
42,85,90
42,86,90
42,87,90
42,88,90
42,89,90
42,90,90
42,91,90
42,92,90
42,93,90
42,94,90
42,95,90
42,96,90
42,97,90
42,98,90
42,99,90
42,100,90
43,1,90
43,2,90
43,3,90
43,4,90
43,5,90
43,6,90
43,7,90
43,8,90
43,9,90
43,10,90
43,11,90
43,12,90
43,13,90
43,14,90
43,15,90
43,16,90
43,17,90
43,18,90
43,19,90
43,20,90
43,21,90
43,22,90
43,23,90
43,24,90
43,25,90
43,26,90
43,27,90
43,28,90
43,29,90
43,30,90
43,31,90
43,32,90
43,33,90
43,34,90
43,35,90
43,36,90
43,37,90
43,38,90
43,39,90
43,40,90
43,41,90
43,42,90
43,43,0
43,44,90
43,45,90
43,46,90
43,47,90
43,48,90
43,49,90
43,50,90
43,51,90
43,52,90
43,53,90
43,54,90
43,55,90
43,56,90
43,57,90
43,58,90
43,59,90
43,60,90
43,61,90
43,62,90
43,63,90
43,64,90
43,65,90
43,66,90
43,67,90
43,68,90
43,69,90
43,70,90
43,71,90
43,72,90
43,73,90
43,74,90
43,75,90
43,76,90
43,77,90
43,78,90
43,79,90
43,80,90
43,81,90
43,82,90
43,83,90
43,84,90
43,85,90
43,86,90
43,87,90
43,88,90
43,89,90
43,90,90
43,91,90
43,92,90
43,93,90
43,94,90
43,95,90
43,96,90
43,97,90
43,98,90
43,99,90
43,100,90
44,1,90
44,2,90
44,3,90
44,4,90
44,5,90
44,6,90
44,7,90
44,8,90
44,9,90
44,10,90
44,11,90
44,12,90
44,13,90
44,14,90
44,15,90
44,16,90
44,17,90
44,18,90
44,19,90
44,20,90
44,21,90
44,22,90
44,23,90
44,24,90
44,25,90
44,26,90
44,27,90
44,28,90
44,29,90
44,30,90
44,31,90
44,32,90
44,33,90
44,34,90
44,35,90
44,36,90
44,37,90
44,38,90
44,39,90
44,40,90
44,41,90
44,42,90
44,43,90
44,44,0
44,45,90
44,46,90
44,47,90
44,48,90
44,49,90
44,50,90
44,51,90
44,52,90
44,53,90
44,54,90
44,55,90
44,56,90
44,57,90
44,58,90
44,59,90
44,60,90
44,61,90
44,62,90
44,63,90
44,64,90
44,65,90
44,66,90
44,67,90
44,68,90
44,69,90
44,70,90
44,71,90
44,72,90
44,73,90
44,74,90
44,75,90
44,76,90
44,77,90
44,78,90
44,79,90
44,80,90
44,81,90
44,82,90
44,83,90
44,84,90
44,85,90
44,86,90
44,87,90
44,88,90
44,89,90
44,90,90
44,91,90
44,92,90
44,93,90
44,94,90
44,95,90
44,96,90
44,97,90
44,98,90
44,99,90
44,100,90
45,1,90
45,2,90
45,3,90
45,4,90
45,5,90
45,6,90
45,7,90
45,8,90
45,9,90
45,10,90
45,11,90
45,12,90
45,13,90
45,14,90
45,15,90
45,16,90
45,17,90
45,18,90
45,19,90
45,20,90
45,21,90
45,22,90
45,23,90
45,24,90
45,25,90
45,26,90
45,27,90
45,28,90
45,29,90
45,30,90
45,31,90
45,32,90
45,33,90
45,34,90
45,35,90
45,36,90
45,37,90
45,38,90
45,39,90
45,40,90
45,41,90
45,42,90
45,43,90
45,44,90
45,45,0
45,46,90
45,47,90
45,48,90
45,49,90
45,50,90
45,51,90
45,52,90
45,53,90
45,54,90
45,55,90
45,56,90
45,57,90
45,58,90
45,59,90
45,60,90
45,61,90
45,62,90
45,63,90
45,64,90
45,65,90
45,66,90
45,67,90
45,68,90
45,69,90
45,70,90
45,71,90
45,72,90
45,73,90
45,74,90
45,75,90
45,76,90
45,77,90
45,78,90
45,79,90
45,80,90
45,81,90
45,82,90
45,83,90
45,84,90
45,85,90
45,86,90
45,87,90
45,88,90
45,89,90
45,90,90
45,91,90
45,92,90
45,93,90
45,94,90
45,95,90
45,96,90
45,97,90
45,98,90
45,99,90
45,100,90
46,1,90
46,2,90
46,3,90
46,4,90
46,5,90
46,6,90
46,7,90
46,8,90
46,9,90
46,10,90
46,11,90
46,12,90
46,13,90
46,14,90
46,15,90
46,16,90
46,17,90
46,18,90
46,19,90
46,20,90
46,21,90
46,22,90
46,23,90
46,24,90
46,25,90
46,26,90
46,27,90
46,28,90
46,29,90
46,30,90
46,31,90
46,32,90
46,33,90
46,34,90
46,35,90
46,36,90
46,37,90
46,38,90
46,39,90
46,40,90
46,41,90
46,42,90
46,43,90
46,44,90
46,45,90
46,46,0
46,47,90
46,48,90
46,49,90
46,50,90
46,51,90
46,52,90
46,53,90
46,54,90
46,55,90
46,56,90
46,57,90
46,58,90
46,59,90
46,60,90
46,61,90
46,62,90
46,63,90
46,64,90
46,65,90
46,66,90
46,67,90
46,68,90
46,69,90
46,70,90
46,71,90
46,72,90
46,73,90
46,74,90
46,75,90
46,76,90
46,77,90
46,78,90
46,79,90
46,80,90
46,81,90
46,82,90
46,83,90
46,84,90
46,85,90
46,86,90
46,87,90
46,88,90
46,89,90
46,90,90
46,91,90
46,92,90
46,93,90
46,94,90
46,95,90
46,96,90
46,97,90
46,98,90
46,99,90
46,100,90
47,1,90
47,2,90
47,3,90
47,4,90
47,5,90
47,6,90
47,7,90
47,8,90
47,9,90
47,10,90
47,11,90
47,12,90
47,13,90
47,14,90
47,15,90
47,16,90
47,17,90
47,18,90
47,19,90
47,20,90
47,21,90
47,22,90
47,23,90
47,24,90
47,25,90
47,26,90
47,27,90
47,28,90
47,29,90
47,30,90
47,31,90
47,32,90
47,33,90
47,34,90
47,35,90
47,36,90
47,37,90
47,38,90
47,39,90
47,40,90
47,41,90
47,42,90
47,43,90
47,44,90
47,45,90
47,46,90
47,47,0
47,48,90
47,49,90
47,50,90
47,51,90
47,52,90
47,53,90
47,54,90
47,55,90
47,56,90
47,57,90
47,58,90
47,59,90
47,60,90
47,61,90
47,62,90
47,63,90
47,64,90
47,65,90
47,66,90
47,67,90
47,68,90
47,69,90
47,70,90
47,71,90
47,72,90
47,73,90
47,74,90
47,75,90
47,76,90
47,77,90
47,78,90
47,79,90
47,80,90
47,81,90
47,82,90
47,83,90
47,84,90
47,85,90
47,86,90
47,87,90
47,88,90
47,89,90
47,90,90
47,91,90
47,92,90
47,93,90
47,94,90
47,95,90
47,96,90
47,97,90
47,98,90
47,99,90
47,100,90
48,1,90
48,2,90
48,3,90
48,4,90
48,5,90
48,6,90
48,7,90
48,8,90
48,9,90
48,10,90
48,11,90
48,12,90
48,13,90
48,14,90
48,15,90
48,16,90
48,17,90
48,18,90
48,19,90
48,20,90
48,21,90
48,22,90
48,23,90
48,24,90
48,25,90
48,26,90
48,27,90
48,28,90
48,29,90
48,30,90
48,31,90
48,32,90
48,33,90
48,34,90
48,35,90
48,36,90
48,37,90
48,38,90
48,39,90
48,40,90
48,41,90
48,42,90
48,43,90
48,44,90
48,45,90
48,46,90
48,47,90
48,48,0
48,49,90
48,50,90
48,51,90
48,52,90
48,53,90
48,54,90
48,55,90
48,56,90
48,57,90
48,58,90
48,59,90
48,60,90
48,61,90
48,62,90
48,63,90
48,64,90
48,65,90
48,66,90
48,67,90
48,68,90
48,69,90
48,70,90
48,71,90
48,72,90
48,73,90
48,74,90
48,75,90
48,76,90
48,77,90
48,78,90
48,79,90
48,80,90
48,81,90
48,82,90
48,83,90
48,84,90
48,85,90
48,86,90
48,87,90
48,88,90
48,89,90
48,90,90
48,91,90
48,92,90
48,93,90
48,94,90
48,95,90
48,96,90
48,97,90
48,98,90
48,99,90
48,100,90
49,1,90
49,2,90
49,3,90
49,4,90
49,5,90
49,6,90
49,7,90
49,8,90
49,9,90
49,10,90
49,11,90
49,12,90
49,13,90
49,14,90
49,15,90
49,16,90
49,17,90
49,18,90
49,19,90
49,20,90
49,21,90
49,22,90
49,23,90
49,24,90
49,25,90
49,26,90
49,27,90
49,28,90
49,29,90
49,30,90
49,31,90
49,32,90
49,33,90
49,34,90
49,35,90
49,36,90
49,37,90
49,38,90
49,39,90
49,40,90
49,41,90
49,42,90
49,43,90
49,44,90
49,45,90
49,46,90
49,47,90
49,48,90
49,49,0
49,50,90
49,51,90
49,52,90
49,53,90
49,54,90
49,55,90
49,56,90
49,57,90
49,58,90
49,59,90
49,60,90
49,61,90
49,62,90
49,63,90
49,64,90
49,65,90
49,66,90
49,67,90
49,68,90
49,69,90
49,70,90
49,71,90
49,72,90
49,73,90
49,74,90
49,75,90
49,76,90
49,77,90
49,78,90
49,79,90
49,80,90
49,81,90
49,82,90
49,83,90
49,84,90
49,85,90
49,86,90
49,87,90
49,88,90
49,89,90
49,90,90
49,91,90
49,92,90
49,93,90
49,94,90
49,95,90
49,96,90
49,97,90
49,98,90
49,99,90
49,100,90
50,1,90
50,2,90
50,3,90
50,4,90
50,5,90
50,6,90
50,7,90
50,8,90
50,9,90
50,10,90
50,11,90
50,12,90
50,13,90
50,14,90
50,15,90
50,16,90
50,17,90
50,18,90
50,19,90
50,20,90
50,21,90
50,22,90
50,23,90
50,24,90
50,25,90
50,26,90
50,27,90
50,28,90
50,29,90
50,30,90
50,31,90
50,32,90
50,33,90
50,34,90
50,35,90
50,36,90
50,37,90
50,38,90
50,39,90
50,40,90
50,41,90
50,42,90
50,43,90
50,44,90
50,45,90
50,46,90
50,47,90
50,48,90
50,49,90
50,50,0
50,51,90
50,52,90
50,53,90
50,54,90
50,55,90
50,56,90
50,57,90
50,58,90
50,59,90
50,60,90
50,61,90
50,62,90
50,63,90
50,64,90
50,65,90
50,66,90
50,67,90
50,68,90
50,69,90
50,70,90
50,71,90
50,72,90
50,73,90
50,74,90
50,75,90
50,76,90
50,77,90
50,78,90
50,79,90
50,80,90
50,81,90
50,82,90
50,83,90
50,84,90
50,85,90
50,86,90
50,87,90
50,88,90
50,89,90
50,90,90
50,91,90
50,92,90
50,93,90
50,94,90
50,95,90
50,96,90
50,97,90
50,98,90
50,99,90
50,100,90
51,1,90
51,2,90
51,3,90
51,4,90
51,5,90
51,6,90
51,7,90
51,8,90
51,9,90
51,10,90
51,11,90
51,12,90
51,13,90
51,14,90
51,15,90
51,16,90
51,17,90
51,18,90
51,19,90
51,20,90
51,21,90
51,22,90
51,23,90
51,24,90
51,25,90
51,26,90
51,27,90
51,28,90
51,29,90
51,30,90
51,31,90
51,32,90
51,33,90
51,34,90
51,35,90
51,36,90
51,37,90
51,38,90
51,39,90
51,40,90
51,41,90
51,42,90
51,43,90
51,44,90
51,45,90
51,46,90
51,47,90
51,48,90
51,49,90
51,50,90
51,51,0
51,52,90
51,53,90
51,54,90
51,55,90
51,56,90
51,57,90
51,58,90
51,59,90
51,60,90
51,61,90
51,62,90
51,63,90
51,64,90
51,65,90
51,66,90
51,67,90
51,68,90
51,69,90
51,70,90
51,71,90
51,72,90
51,73,90
51,74,90
51,75,90
51,76,90
51,77,90
51,78,90
51,79,90
51,80,90
51,81,90
51,82,90
51,83,90
51,84,90
51,85,90
51,86,90
51,87,90
51,88,90
51,89,90
51,90,90
51,91,90
51,92,90
51,93,90
51,94,90
51,95,90
51,96,90
51,97,90
51,98,90
51,99,90
51,100,90
52,1,90
52,2,90
52,3,90
52,4,90
52,5,90
52,6,90
52,7,90
52,8,90
52,9,90
52,10,90
52,11,90
52,12,90
52,13,90
52,14,90
52,15,90
52,16,90
52,17,90
52,18,90
52,19,90
52,20,90
52,21,90
52,22,90
52,23,90
52,24,90
52,25,90
52,26,90
52,27,90
52,28,90
52,29,90
52,30,90
52,31,90
52,32,90
52,33,90
52,34,90
52,35,90
52,36,90
52,37,90
52,38,90
52,39,90
52,40,90
52,41,90
52,42,90
52,43,90
52,44,90
52,45,90
52,46,90
52,47,90
52,48,90
52,49,90
52,50,90
52,51,90
52,52,0
52,53,90
52,54,90
52,55,90
52,56,90
52,57,90
52,58,90
52,59,90
52,60,90
52,61,90
52,62,90
52,63,90
52,64,90
52,65,90
52,66,90
52,67,90
52,68,90
52,69,90
52,70,90
52,71,90
52,72,90
52,73,90
52,74,90
52,75,90
52,76,90
52,77,90
52,78,90
52,79,90
52,80,90
52,81,90
52,82,90
52,83,90
52,84,90
52,85,90
52,86,90
52,87,90
52,88,90
52,89,90
52,90,90
52,91,90
52,92,90
52,93,90
52,94,90
52,95,90
52,96,90
52,97,90
52,98,90
52,99,90
52,100,90
53,1,90
53,2,90
53,3,90
53,4,90
53,5,90
53,6,90
53,7,90
53,8,90
53,9,90
53,10,90
53,11,90
53,12,90
53,13,90
53,14,90
53,15,90
53,16,90
53,17,90
53,18,90
53,19,90
53,20,90
53,21,90
53,22,90
53,23,90
53,24,90
53,25,90
53,26,90
53,27,90
53,28,90
53,29,90
53,30,90
53,31,90
53,32,90
53,33,90
53,34,90
53,35,90
53,36,90
53,37,90
53,38,90
53,39,90
53,40,90
53,41,90
53,42,90
53,43,90
53,44,90
53,45,90
53,46,90
53,47,90
53,48,90
53,49,90
53,50,90
53,51,90
53,52,90
53,53,0
53,54,90
53,55,90
53,56,90
53,57,90
53,58,90
53,59,90
53,60,90
53,61,90
53,62,90
53,63,90
53,64,90
53,65,90
53,66,90
53,67,90
53,68,90
53,69,90
53,70,90
53,71,90
53,72,90
53,73,90
53,74,90
53,75,90
53,76,90
53,77,90
53,78,90
53,79,90
53,80,90
53,81,90
53,82,90
53,83,90
53,84,90
53,85,90
53,86,90
53,87,90
53,88,90
53,89,90
53,90,90
53,91,90
53,92,90
53,93,90
53,94,90
53,95,90
53,96,90
53,97,90
53,98,90
53,99,90
53,100,90
54,1,90
54,2,90
54,3,90
54,4,90
54,5,90
54,6,90
54,7,90
54,8,90
54,9,90
54,10,90
54,11,90
54,12,90
54,13,90
54,14,90
54,15,90
54,16,90
54,17,90
54,18,90
54,19,90
54,20,90
54,21,90
54,22,90
54,23,90
54,24,90
54,25,90
54,26,90
54,27,90
54,28,90
54,29,90
54,30,90
54,31,90
54,32,90
54,33,90
54,34,90
54,35,90
54,36,90
54,37,90
54,38,90
54,39,90
54,40,90
54,41,90
54,42,90
54,43,90
54,44,90
54,45,90
54,46,90
54,47,90
54,48,90
54,49,90
54,50,90
54,51,90
54,52,90
54,53,90
54,54,0
54,55,90
54,56,90
54,57,90
54,58,90
54,59,90
54,60,90
54,61,90
54,62,90
54,63,90
54,64,90
54,65,90
54,66,90
54,67,90
54,68,90
54,69,90
54,70,90
54,71,90
54,72,90
54,73,90
54,74,90
54,75,90
54,76,90
54,77,90
54,78,90
54,79,90
54,80,90
54,81,90
54,82,90
54,83,90
54,84,90
54,85,90
54,86,90
54,87,90
54,88,90
54,89,90
54,90,90
54,91,90
54,92,90
54,93,90
54,94,90
54,95,90
54,96,90
54,97,90
54,98,90
54,99,90
54,100,90
55,1,90
55,2,90
55,3,90
55,4,90
55,5,90
55,6,90
55,7,90
55,8,90
55,9,90
55,10,90
55,11,90
55,12,90
55,13,90
55,14,90
55,15,90
55,16,90
55,17,90
55,18,90
55,19,90
55,20,90
55,21,90
55,22,90
55,23,90
55,24,90
55,25,90
55,26,90
55,27,90
55,28,90
55,29,90
55,30,90
55,31,90
55,32,90
55,33,90
55,34,90
55,35,90
55,36,90
55,37,90
55,38,90
55,39,90
55,40,90
55,41,90
55,42,90
55,43,90
55,44,90
55,45,90
55,46,90
55,47,90
55,48,90
55,49,90
55,50,90
55,51,90
55,52,90
55,53,90
55,54,90
55,55,0
55,56,90
55,57,90
55,58,90
55,59,90
55,60,90
55,61,90
55,62,90
55,63,90
55,64,90
55,65,90
55,66,90
55,67,90
55,68,90
55,69,90
55,70,90
55,71,90
55,72,90
55,73,90
55,74,90
55,75,90
55,76,90
55,77,90
55,78,90
55,79,90
55,80,90
55,81,90
55,82,90
55,83,90
55,84,90
55,85,90
55,86,90
55,87,90
55,88,90
55,89,90
55,90,90
55,91,90
55,92,90
55,93,90
55,94,90
55,95,90
55,96,90
55,97,90
55,98,90
55,99,90
55,100,90
56,1,90
56,2,90
56,3,90
56,4,90
56,5,90
56,6,90
56,7,90
56,8,90
56,9,90
56,10,90
56,11,90
56,12,90
56,13,90
56,14,90
56,15,90
56,16,90
56,17,90
56,18,90
56,19,90
56,20,90
56,21,90
56,22,90
56,23,90
56,24,90
56,25,90
56,26,90
56,27,90
56,28,90
56,29,90
56,30,90
56,31,90
56,32,90
56,33,90
56,34,90
56,35,90
56,36,90
56,37,90
56,38,90
56,39,90
56,40,90
56,41,90
56,42,90
56,43,90
56,44,90
56,45,90
56,46,90
56,47,90
56,48,90
56,49,90
56,50,90
56,51,90
56,52,90
56,53,90
56,54,90
56,55,90
56,56,0
56,57,90
56,58,90
56,59,90
56,60,90
56,61,90
56,62,90
56,63,90
56,64,90
56,65,90
56,66,90
56,67,90
56,68,90
56,69,90
56,70,90
56,71,90
56,72,90
56,73,90
56,74,90
56,75,90
56,76,90
56,77,90
56,78,90
56,79,90
56,80,90
56,81,90
56,82,90
56,83,90
56,84,90
56,85,90
56,86,90
56,87,90
56,88,90
56,89,90
56,90,90
56,91,90
56,92,90
56,93,90
56,94,90
56,95,90
56,96,90
56,97,90
56,98,90
56,99,90
56,100,90
57,1,90
57,2,90
57,3,90
57,4,90
57,5,90
57,6,90
57,7,90
57,8,90
57,9,90
57,10,90
57,11,90
57,12,90
57,13,90
57,14,90
57,15,90
57,16,90
57,17,90
57,18,90
57,19,90
57,20,90
57,21,90
57,22,90
57,23,90
57,24,90
57,25,90
57,26,90
57,27,90
57,28,90
57,29,90
57,30,90
57,31,90
57,32,90
57,33,90
57,34,90
57,35,90
57,36,90
57,37,90
57,38,90
57,39,90
57,40,90
57,41,90
57,42,90
57,43,90
57,44,90
57,45,90
57,46,90
57,47,90
57,48,90
57,49,90
57,50,90
57,51,90
57,52,90
57,53,90
57,54,90
57,55,90
57,56,90
57,57,0
57,58,90
57,59,90
57,60,90
57,61,90
57,62,90
57,63,90
57,64,90
57,65,90
57,66,90
57,67,90
57,68,90
57,69,90
57,70,90
57,71,90
57,72,90
57,73,90
57,74,90
57,75,90
57,76,90
57,77,90
57,78,90
57,79,90
57,80,90
57,81,90
57,82,90
57,83,90
57,84,90
57,85,90
57,86,90
57,87,90
57,88,90
57,89,90
57,90,90
57,91,90
57,92,90
57,93,90
57,94,90
57,95,90
57,96,90
57,97,90
57,98,90
57,99,90
57,100,90
58,1,90
58,2,90
58,3,90
58,4,90
58,5,90
58,6,90
58,7,90
58,8,90
58,9,90
58,10,90
58,11,90
58,12,90
58,13,90
58,14,90
58,15,90
58,16,90
58,17,90
58,18,90
58,19,90
58,20,90
58,21,90
58,22,90
58,23,90
58,24,90
58,25,90
58,26,90
58,27,90
58,28,90
58,29,90
58,30,90
58,31,90
58,32,90
58,33,90
58,34,90
58,35,90
58,36,90
58,37,90
58,38,90
58,39,90
58,40,90
58,41,90
58,42,90
58,43,90
58,44,90
58,45,90
58,46,90
58,47,90
58,48,90
58,49,90
58,50,90
58,51,90
58,52,90
58,53,90
58,54,90
58,55,90
58,56,90
58,57,90
58,58,0
58,59,90
58,60,90
58,61,90
58,62,90
58,63,90
58,64,90
58,65,90
58,66,90
58,67,90
58,68,90
58,69,90
58,70,90
58,71,90
58,72,90
58,73,90
58,74,90
58,75,90
58,76,90
58,77,90
58,78,90
58,79,90
58,80,90
58,81,90
58,82,90
58,83,90
58,84,90
58,85,90
58,86,90
58,87,90
58,88,90
58,89,90
58,90,90
58,91,90
58,92,90
58,93,90
58,94,90
58,95,90
58,96,90
58,97,90
58,98,90
58,99,90
58,100,90
59,1,90
59,2,90
59,3,90
59,4,90
59,5,90
59,6,90
59,7,90
59,8,90
59,9,90
59,10,90
59,11,90
59,12,90
59,13,90
59,14,90
59,15,90
59,16,90
59,17,90
59,18,90
59,19,90
59,20,90
59,21,90
59,22,90
59,23,90
59,24,90
59,25,90
59,26,90
59,27,90
59,28,90
59,29,90
59,30,90
59,31,90
59,32,90
59,33,90
59,34,90
59,35,90
59,36,90
59,37,90
59,38,90
59,39,90
59,40,90
59,41,90
59,42,90
59,43,90
59,44,90
59,45,90
59,46,90
59,47,90
59,48,90
59,49,90
59,50,90
59,51,90
59,52,90
59,53,90
59,54,90
59,55,90
59,56,90
59,57,90
59,58,90
59,59,0
59,60,90
59,61,90
59,62,90
59,63,90
59,64,90
59,65,90
59,66,90
59,67,90
59,68,90
59,69,90
59,70,90
59,71,90
59,72,90
59,73,90
59,74,90
59,75,90
59,76,90
59,77,90
59,78,90
59,79,90
59,80,90
59,81,90
59,82,90
59,83,90
59,84,90
59,85,90
59,86,90
59,87,90
59,88,90
59,89,90
59,90,90
59,91,90
59,92,90
59,93,90
59,94,90
59,95,90
59,96,90
59,97,90
59,98,90
59,99,90
59,100,90
60,1,90
60,2,90
60,3,90
60,4,90
60,5,90
60,6,90
60,7,90
60,8,90
60,9,90
60,10,90
60,11,90
60,12,90
60,13,90
60,14,90
60,15,90
60,16,90
60,17,90
60,18,90
60,19,90
60,20,90
60,21,90
60,22,90
60,23,90
60,24,90
60,25,90
60,26,90
60,27,90
60,28,90
60,29,90
60,30,90
60,31,90
60,32,90
60,33,90
60,34,90
60,35,90
60,36,90
60,37,90
60,38,90
60,39,90
60,40,90
60,41,90
60,42,90
60,43,90
60,44,90
60,45,90
60,46,90
60,47,90
60,48,90
60,49,90
60,50,90
60,51,90
60,52,90
60,53,90
60,54,90
60,55,90
60,56,90
60,57,90
60,58,90
60,59,90
60,60,0
60,61,90
60,62,90
60,63,90
60,64,90
60,65,90
60,66,90
60,67,90
60,68,90
60,69,90
60,70,90
60,71,90
60,72,90
60,73,90
60,74,90
60,75,90
60,76,90
60,77,90
60,78,90
60,79,90
60,80,90
60,81,90
60,82,90
60,83,90
60,84,90
60,85,90
60,86,90
60,87,90
60,88,90
60,89,90
60,90,90
60,91,90
60,92,90
60,93,90
60,94,90
60,95,90
60,96,90
60,97,90
60,98,90
60,99,90
60,100,90
61,1,90
61,2,90
61,3,90
61,4,90
61,5,90
61,6,90
61,7,90
61,8,90
61,9,90
61,10,90
61,11,90
61,12,90
61,13,90
61,14,90
61,15,90
61,16,90
61,17,90
61,18,90
61,19,90
61,20,90
61,21,90
61,22,90
61,23,90
61,24,90
61,25,90
61,26,90
61,27,90
61,28,90
61,29,90
61,30,90
61,31,90
61,32,90
61,33,90
61,34,90
61,35,90
61,36,90
61,37,90
61,38,90
61,39,90
61,40,90
61,41,90
61,42,90
61,43,90
61,44,90
61,45,90
61,46,90
61,47,90
61,48,90
61,49,90
61,50,90
61,51,90
61,52,90
61,53,90
61,54,90
61,55,90
61,56,90
61,57,90
61,58,90
61,59,90
61,60,90
61,61,0
61,62,90
61,63,90
61,64,90
61,65,90
61,66,90
61,67,90
61,68,90
61,69,90
61,70,90
61,71,90
61,72,90
61,73,90
61,74,90
61,75,90
61,76,90
61,77,90
61,78,90
61,79,90
61,80,90
61,81,90
61,82,90
61,83,90
61,84,90
61,85,90
61,86,90
61,87,90
61,88,90
61,89,90
61,90,90
61,91,90
61,92,90
61,93,90
61,94,90
61,95,90
61,96,90
61,97,90
61,98,90
61,99,90
61,100,90
62,1,90
62,2,90
62,3,90
62,4,90
62,5,90
62,6,90
62,7,90
62,8,90
62,9,90
62,10,90
62,11,90
62,12,90
62,13,90
62,14,90
62,15,90
62,16,90
62,17,90
62,18,90
62,19,90
62,20,90
62,21,90
62,22,90
62,23,90
62,24,90
62,25,90
62,26,90
62,27,90
62,28,90
62,29,90
62,30,90
62,31,90
62,32,90
62,33,90
62,34,90
62,35,90
62,36,90
62,37,90
62,38,90
62,39,90
62,40,90
62,41,90
62,42,90
62,43,90
62,44,90
62,45,90
62,46,90
62,47,90
62,48,90
62,49,90
62,50,90
62,51,90
62,52,90
62,53,90
62,54,90
62,55,90
62,56,90
62,57,90
62,58,90
62,59,90
62,60,90
62,61,90
62,62,0
62,63,90
62,64,90
62,65,90
62,66,90
62,67,90
62,68,90
62,69,90
62,70,90
62,71,90
62,72,90
62,73,90
62,74,90
62,75,90
62,76,90
62,77,90
62,78,90
62,79,90
62,80,90
62,81,90
62,82,90
62,83,90
62,84,90
62,85,90
62,86,90
62,87,90
62,88,90
62,89,90
62,90,90
62,91,90
62,92,90
62,93,90
62,94,90
62,95,90
62,96,90
62,97,90
62,98,90
62,99,90
62,100,90
63,1,90
63,2,90
63,3,90
63,4,90
63,5,90
63,6,90
63,7,90
63,8,90
63,9,90
63,10,90
63,11,90
63,12,90
63,13,90
63,14,90
63,15,90
63,16,90
63,17,90
63,18,90
63,19,90
63,20,90
63,21,90
63,22,90
63,23,90
63,24,90
63,25,90
63,26,90
63,27,90
63,28,90
63,29,90
63,30,90
63,31,90
63,32,90
63,33,90
63,34,90
63,35,90
63,36,90
63,37,90
63,38,90
63,39,90
63,40,90
63,41,90
63,42,90
63,43,90
63,44,90
63,45,90
63,46,90
63,47,90
63,48,90
63,49,90
63,50,90
63,51,90
63,52,90
63,53,90
63,54,90
63,55,90
63,56,90
63,57,90
63,58,90
63,59,90
63,60,90
63,61,90
63,62,90
63,63,0
63,64,90
63,65,90
63,66,90
63,67,90
63,68,90
63,69,90
63,70,90
63,71,90
63,72,90
63,73,90
63,74,90
63,75,90
63,76,90
63,77,90
63,78,90
63,79,90
63,80,90
63,81,90
63,82,90
63,83,90
63,84,90
63,85,90
63,86,90
63,87,90
63,88,90
63,89,90
63,90,90
63,91,90
63,92,90
63,93,90
63,94,90
63,95,90
63,96,90
63,97,90
63,98,90
63,99,90
63,100,90
64,1,90
64,2,90
64,3,90
64,4,90
64,5,90
64,6,90
64,7,90
64,8,90
64,9,90
64,10,90
64,11,90
64,12,90
64,13,90
64,14,90
64,15,90
64,16,90
64,17,90
64,18,90
64,19,90
64,20,90
64,21,90
64,22,90
64,23,90
64,24,90
64,25,90
64,26,90
64,27,90
64,28,90
64,29,90
64,30,90
64,31,90
64,32,90
64,33,90
64,34,90
64,35,90
64,36,90
64,37,90
64,38,90
64,39,90
64,40,90
64,41,90
64,42,90
64,43,90
64,44,90
64,45,90
64,46,90
64,47,90
64,48,90
64,49,90
64,50,90
64,51,90
64,52,90
64,53,90
64,54,90
64,55,90
64,56,90
64,57,90
64,58,90
64,59,90
64,60,90
64,61,90
64,62,90
64,63,90
64,64,0
64,65,90
64,66,90
64,67,90
64,68,90
64,69,90
64,70,90
64,71,90
64,72,90
64,73,90
64,74,90
64,75,90
64,76,90
64,77,90
64,78,90
64,79,90
64,80,90
64,81,90
64,82,90
64,83,90
64,84,90
64,85,90
64,86,90
64,87,90
64,88,90
64,89,90
64,90,90
64,91,90
64,92,90
64,93,90
64,94,90
64,95,90
64,96,90
64,97,90
64,98,90
64,99,90
64,100,90
65,1,90
65,2,90
65,3,90
65,4,90
65,5,90
65,6,90
65,7,90
65,8,90
65,9,90
65,10,90
65,11,90
65,12,90
65,13,90
65,14,90
65,15,90
65,16,90
65,17,90
65,18,90
65,19,90
65,20,90
65,21,90
65,22,90
65,23,90
65,24,90
65,25,90
65,26,90
65,27,90
65,28,90
65,29,90
65,30,90
65,31,90
65,32,90
65,33,90
65,34,90
65,35,90
65,36,90
65,37,90
65,38,90
65,39,90
65,40,90
65,41,90
65,42,90
65,43,90
65,44,90
65,45,90
65,46,90
65,47,90
65,48,90
65,49,90
65,50,90
65,51,90
65,52,90
65,53,90
65,54,90
65,55,90
65,56,90
65,57,90
65,58,90
65,59,90
65,60,90
65,61,90
65,62,90
65,63,90
65,64,90
65,65,0
65,66,90
65,67,90
65,68,90
65,69,90
65,70,90
65,71,90
65,72,90
65,73,90
65,74,90
65,75,90
65,76,90
65,77,90
65,78,90
65,79,90
65,80,90
65,81,90
65,82,90
65,83,90
65,84,90
65,85,90
65,86,90
65,87,90
65,88,90
65,89,90
65,90,90
65,91,90
65,92,90
65,93,90
65,94,90
65,95,90
65,96,90
65,97,90
65,98,90
65,99,90
65,100,90
66,1,90
66,2,90
66,3,90
66,4,90
66,5,90
66,6,90
66,7,90
66,8,90
66,9,90
66,10,90
66,11,90
66,12,90
66,13,90
66,14,90
66,15,90
66,16,90
66,17,90
66,18,90
66,19,90
66,20,90
66,21,90
66,22,90
66,23,90
66,24,90
66,25,90
66,26,90
66,27,90
66,28,90
66,29,90
66,30,90
66,31,90
66,32,90
66,33,90
66,34,90
66,35,90
66,36,90
66,37,90
66,38,90
66,39,90
66,40,90
66,41,90
66,42,90
66,43,90
66,44,90
66,45,90
66,46,90
66,47,90
66,48,90
66,49,90
66,50,90
66,51,90
66,52,90
66,53,90
66,54,90
66,55,90
66,56,90
66,57,90
66,58,90
66,59,90
66,60,90
66,61,90
66,62,90
66,63,90
66,64,90
66,65,90
66,66,0
66,67,90
66,68,90
66,69,90
66,70,90
66,71,90
66,72,90
66,73,90
66,74,90
66,75,90
66,76,90
66,77,90
66,78,90
66,79,90
66,80,90
66,81,90
66,82,90
66,83,90
66,84,90
66,85,90
66,86,90
66,87,90
66,88,90
66,89,90
66,90,90
66,91,90
66,92,90
66,93,90
66,94,90
66,95,90
66,96,90
66,97,90
66,98,90
66,99,90
66,100,90
67,1,90
67,2,90
67,3,90
67,4,90
67,5,90
67,6,90
67,7,90
67,8,90
67,9,90
67,10,90
67,11,90
67,12,90
67,13,90
67,14,90
67,15,90
67,16,90
67,17,90
67,18,90
67,19,90
67,20,90
67,21,90
67,22,90
67,23,90
67,24,90
67,25,90
67,26,90
67,27,90
67,28,90
67,29,90
67,30,90
67,31,90
67,32,90
67,33,90
67,34,90
67,35,90
67,36,90
67,37,90
67,38,90
67,39,90
67,40,90
67,41,90
67,42,90
67,43,90
67,44,90
67,45,90
67,46,90
67,47,90
67,48,90
67,49,90
67,50,90
67,51,90
67,52,90
67,53,90
67,54,90
67,55,90
67,56,90
67,57,90
67,58,90
67,59,90
67,60,90
67,61,90
67,62,90
67,63,90
67,64,90
67,65,90
67,66,90
67,67,0
67,68,90
67,69,90
67,70,90
67,71,90
67,72,90
67,73,90
67,74,90
67,75,90
67,76,90
67,77,90
67,78,90
67,79,90
67,80,90
67,81,90
67,82,90
67,83,90
67,84,90
67,85,90
67,86,90
67,87,90
67,88,90
67,89,90
67,90,90
67,91,90
67,92,90
67,93,90
67,94,90
67,95,90
67,96,90
67,97,90
67,98,90
67,99,90
67,100,90
68,1,90
68,2,90
68,3,90
68,4,90
68,5,90
68,6,90
68,7,90
68,8,90
68,9,90
68,10,90
68,11,90
68,12,90
68,13,90
68,14,90
68,15,90
68,16,90
68,17,90
68,18,90
68,19,90
68,20,90
68,21,90
68,22,90
68,23,90
68,24,90
68,25,90
68,26,90
68,27,90
68,28,90
68,29,90
68,30,90
68,31,90
68,32,90
68,33,90
68,34,90
68,35,90
68,36,90
68,37,90
68,38,90
68,39,90
68,40,90
68,41,90
68,42,90
68,43,90
68,44,90
68,45,90
68,46,90
68,47,90
68,48,90
68,49,90
68,50,90
68,51,90
68,52,90
68,53,90
68,54,90
68,55,90
68,56,90
68,57,90
68,58,90
68,59,90
68,60,90
68,61,90
68,62,90
68,63,90
68,64,90
68,65,90
68,66,90
68,67,90
68,68,0
68,69,90
68,70,90
68,71,90
68,72,90
68,73,90
68,74,90
68,75,90
68,76,90
68,77,90
68,78,90
68,79,90
68,80,90
68,81,90
68,82,90
68,83,90
68,84,90
68,85,90
68,86,90
68,87,90
68,88,90
68,89,90
68,90,90
68,91,90
68,92,90
68,93,90
68,94,90
68,95,90
68,96,90
68,97,90
68,98,90
68,99,90
68,100,90
69,1,90
69,2,90
69,3,90
69,4,90
69,5,90
69,6,90
69,7,90
69,8,90
69,9,90
69,10,90
69,11,90
69,12,90
69,13,90
69,14,90
69,15,90
69,16,90
69,17,90
69,18,90
69,19,90
69,20,90
69,21,90
69,22,90
69,23,90
69,24,90
69,25,90
69,26,90
69,27,90
69,28,90
69,29,90
69,30,90
69,31,90
69,32,90
69,33,90
69,34,90
69,35,90
69,36,90
69,37,90
69,38,90
69,39,90
69,40,90
69,41,90
69,42,90
69,43,90
69,44,90
69,45,90
69,46,90
69,47,90
69,48,90
69,49,90
69,50,90
69,51,90
69,52,90
69,53,90
69,54,90
69,55,90
69,56,90
69,57,90
69,58,90
69,59,90
69,60,90
69,61,90
69,62,90
69,63,90
69,64,90
69,65,90
69,66,90
69,67,90
69,68,90
69,69,0
69,70,90
69,71,90
69,72,90
69,73,90
69,74,90
69,75,90
69,76,90
69,77,90
69,78,90
69,79,90
69,80,90
69,81,90
69,82,90
69,83,90
69,84,90
69,85,90
69,86,90
69,87,90
69,88,90
69,89,90
69,90,90
69,91,90
69,92,90
69,93,90
69,94,90
69,95,90
69,96,90
69,97,90
69,98,90
69,99,90
69,100,90
70,1,90
70,2,90
70,3,90
70,4,90
70,5,90
70,6,90
70,7,90
70,8,90
70,9,90
70,10,90
70,11,90
70,12,90
70,13,90
70,14,90
70,15,90
70,16,90
70,17,90
70,18,90
70,19,90
70,20,90
70,21,90
70,22,90
70,23,90
70,24,90
70,25,90
70,26,90
70,27,90
70,28,90
70,29,90
70,30,90
70,31,90
70,32,90
70,33,90
70,34,90
70,35,90
70,36,90
70,37,90
70,38,90
70,39,90
70,40,90
70,41,90
70,42,90
70,43,90
70,44,90
70,45,90
70,46,90
70,47,90
70,48,90
70,49,90
70,50,90
70,51,90
70,52,90
70,53,90
70,54,90
70,55,90
70,56,90
70,57,90
70,58,90
70,59,90
70,60,90
70,61,90
70,62,90
70,63,90
70,64,90
70,65,90
70,66,90
70,67,90
70,68,90
70,69,90
70,70,0
70,71,90
70,72,90
70,73,90
70,74,90
70,75,90
70,76,90
70,77,90
70,78,90
70,79,90
70,80,90
70,81,90
70,82,90
70,83,90
70,84,90
70,85,90
70,86,90
70,87,90
70,88,90
70,89,90
70,90,90
70,91,90
70,92,90
70,93,90
70,94,90
70,95,90
70,96,90
70,97,90
70,98,90
70,99,90
70,100,90
71,1,90
71,2,90
71,3,90
71,4,90
71,5,90
71,6,90
71,7,90
71,8,90
71,9,90
71,10,90
71,11,90
71,12,90
71,13,90
71,14,90
71,15,90
71,16,90
71,17,90
71,18,90
71,19,90
71,20,90
71,21,90
71,22,90
71,23,90
71,24,90
71,25,90
71,26,90
71,27,90
71,28,90
71,29,90
71,30,90
71,31,90
71,32,90
71,33,90
71,34,90
71,35,90
71,36,90
71,37,90
71,38,90
71,39,90
71,40,90
71,41,90
71,42,90
71,43,90
71,44,90
71,45,90
71,46,90
71,47,90
71,48,90
71,49,90
71,50,90
71,51,90
71,52,90
71,53,90
71,54,90
71,55,90
71,56,90
71,57,90
71,58,90
71,59,90
71,60,90
71,61,90
71,62,90
71,63,90
71,64,90
71,65,90
71,66,90
71,67,90
71,68,90
71,69,90
71,70,90
71,71,0
71,72,90
71,73,90
71,74,90
71,75,90
71,76,90
71,77,90
71,78,90
71,79,90
71,80,90
71,81,90
71,82,90
71,83,90
71,84,90
71,85,90
71,86,90
71,87,90
71,88,90
71,89,90
71,90,90
71,91,90
71,92,90
71,93,90
71,94,90
71,95,90
71,96,90
71,97,90
71,98,90
71,99,90
71,100,90
72,1,90
72,2,90
72,3,90
72,4,90
72,5,90
72,6,90
72,7,90
72,8,90
72,9,90
72,10,90
72,11,90
72,12,90
72,13,90
72,14,90
72,15,90
72,16,90
72,17,90
72,18,90
72,19,90
72,20,90
72,21,90
72,22,90
72,23,90
72,24,90
72,25,90
72,26,90
72,27,90
72,28,90
72,29,90
72,30,90
72,31,90
72,32,90
72,33,90
72,34,90
72,35,90
72,36,90
72,37,90
72,38,90
72,39,90
72,40,90
72,41,90
72,42,90
72,43,90
72,44,90
72,45,90
72,46,90
72,47,90
72,48,90
72,49,90
72,50,90
72,51,90
72,52,90
72,53,90
72,54,90
72,55,90
72,56,90
72,57,90
72,58,90
72,59,90
72,60,90
72,61,90
72,62,90
72,63,90
72,64,90
72,65,90
72,66,90
72,67,90
72,68,90
72,69,90
72,70,90
72,71,90
72,72,0
72,73,90
72,74,90
72,75,90
72,76,90
72,77,90
72,78,90
72,79,90
72,80,90
72,81,90
72,82,90
72,83,90
72,84,90
72,85,90
72,86,90
72,87,90
72,88,90
72,89,90
72,90,90
72,91,90
72,92,90
72,93,90
72,94,90
72,95,90
72,96,90
72,97,90
72,98,90
72,99,90
72,100,90
73,1,90
73,2,90
73,3,90
73,4,90
73,5,90
73,6,90
73,7,90
73,8,90
73,9,90
73,10,90
73,11,90
73,12,90
73,13,90
73,14,90
73,15,90
73,16,90
73,17,90
73,18,90
73,19,90
73,20,90
73,21,90
73,22,90
73,23,90
73,24,90
73,25,90
73,26,90
73,27,90
73,28,90
73,29,90
73,30,90
73,31,90
73,32,90
73,33,90
73,34,90
73,35,90
73,36,90
73,37,90
73,38,90
73,39,90
73,40,90
73,41,90
73,42,90
73,43,90
73,44,90
73,45,90
73,46,90
73,47,90
73,48,90
73,49,90
73,50,90
73,51,90
73,52,90
73,53,90
73,54,90
73,55,90
73,56,90
73,57,90
73,58,90
73,59,90
73,60,90
73,61,90
73,62,90
73,63,90
73,64,90
73,65,90
73,66,90
73,67,90
73,68,90
73,69,90
73,70,90
73,71,90
73,72,90
73,73,0
73,74,90
73,75,90
73,76,90
73,77,90
73,78,90
73,79,90
73,80,90
73,81,90
73,82,90
73,83,90
73,84,90
73,85,90
73,86,90
73,87,90
73,88,90
73,89,90
73,90,90
73,91,90
73,92,90
73,93,90
73,94,90
73,95,90
73,96,90
73,97,90
73,98,90
73,99,90
73,100,90
74,1,90
74,2,90
74,3,90
74,4,90
74,5,90
74,6,90
74,7,90
74,8,90
74,9,90
74,10,90
74,11,90
74,12,90
74,13,90
74,14,90
74,15,90
74,16,90
74,17,90
74,18,90
74,19,90
74,20,90
74,21,90
74,22,90
74,23,90
74,24,90
74,25,90
74,26,90
74,27,90
74,28,90
74,29,90
74,30,90
74,31,90
74,32,90
74,33,90
74,34,90
74,35,90
74,36,90
74,37,90
74,38,90
74,39,90
74,40,90
74,41,90
74,42,90
74,43,90
74,44,90
74,45,90
74,46,90
74,47,90
74,48,90
74,49,90
74,50,90
74,51,90
74,52,90
74,53,90
74,54,90
74,55,90
74,56,90
74,57,90
74,58,90
74,59,90
74,60,90
74,61,90
74,62,90
74,63,90
74,64,90
74,65,90
74,66,90
74,67,90
74,68,90
74,69,90
74,70,90
74,71,90
74,72,90
74,73,90
74,74,0
74,75,90
74,76,90
74,77,90
74,78,90
74,79,90
74,80,90
74,81,90
74,82,90
74,83,90
74,84,90
74,85,90
74,86,90
74,87,90
74,88,90
74,89,90
74,90,90
74,91,90
74,92,90
74,93,90
74,94,90
74,95,90
74,96,90
74,97,90
74,98,90
74,99,90
74,100,90
75,1,90
75,2,90
75,3,90
75,4,90
75,5,90
75,6,90
75,7,90
75,8,90
75,9,90
75,10,90
75,11,90
75,12,90
75,13,90
75,14,90
75,15,90
75,16,90
75,17,90
75,18,90
75,19,90
75,20,90
75,21,90
75,22,90
75,23,90
75,24,90
75,25,90
75,26,90
75,27,90
75,28,90
75,29,90
75,30,90
75,31,90
75,32,90
75,33,90
75,34,90
75,35,90
75,36,90
75,37,90
75,38,90
75,39,90
75,40,90
75,41,90
75,42,90
75,43,90
75,44,90
75,45,90
75,46,90
75,47,90
75,48,90
75,49,90
75,50,90
75,51,90
75,52,90
75,53,90
75,54,90
75,55,90
75,56,90
75,57,90
75,58,90
75,59,90
75,60,90
75,61,90
75,62,90
75,63,90
75,64,90
75,65,90
75,66,90
75,67,90
75,68,90
75,69,90
75,70,90
75,71,90
75,72,90
75,73,90
75,74,90
75,75,0
75,76,90
75,77,90
75,78,90
75,79,90
75,80,90
75,81,90
75,82,90
75,83,90
75,84,90
75,85,90
75,86,90
75,87,90
75,88,90
75,89,90
75,90,90
75,91,90
75,92,90
75,93,90
75,94,90
75,95,90
75,96,90
75,97,90
75,98,90
75,99,90
75,100,90
76,1,90
76,2,90
76,3,90
76,4,90
76,5,90
76,6,90
76,7,90
76,8,90
76,9,90
76,10,90
76,11,90
76,12,90
76,13,90
76,14,90
76,15,90
76,16,90
76,17,90
76,18,90
76,19,90
76,20,90
76,21,90
76,22,90
76,23,90
76,24,90
76,25,90
76,26,90
76,27,90
76,28,90
76,29,90
76,30,90
76,31,90
76,32,90
76,33,90
76,34,90
76,35,90
76,36,90
76,37,90
76,38,90
76,39,90
76,40,90
76,41,90
76,42,90
76,43,90
76,44,90
76,45,90
76,46,90
76,47,90
76,48,90
76,49,90
76,50,90
76,51,90
76,52,90
76,53,90
76,54,90
76,55,90
76,56,90
76,57,90
76,58,90
76,59,90
76,60,90
76,61,90
76,62,90
76,63,90
76,64,90
76,65,90
76,66,90
76,67,90
76,68,90
76,69,90
76,70,90
76,71,90
76,72,90
76,73,90
76,74,90
76,75,90
76,76,0
76,77,90
76,78,90
76,79,90
76,80,90
76,81,90
76,82,90
76,83,90
76,84,90
76,85,90
76,86,90
76,87,90
76,88,90
76,89,90
76,90,90
76,91,90
76,92,90
76,93,90
76,94,90
76,95,90
76,96,90
76,97,90
76,98,90
76,99,90
76,100,90
77,1,90
77,2,90
77,3,90
77,4,90
77,5,90
77,6,90
77,7,90
77,8,90
77,9,90
77,10,90
77,11,90
77,12,90
77,13,90
77,14,90
77,15,90
77,16,90
77,17,90
77,18,90
77,19,90
77,20,90
77,21,90
77,22,90
77,23,90
77,24,90
77,25,90
77,26,90
77,27,90
77,28,90
77,29,90
77,30,90
77,31,90
77,32,90
77,33,90
77,34,90
77,35,90
77,36,90
77,37,90
77,38,90
77,39,90
77,40,90
77,41,90
77,42,90
77,43,90
77,44,90
77,45,90
77,46,90
77,47,90
77,48,90
77,49,90
77,50,90
77,51,90
77,52,90
77,53,90
77,54,90
77,55,90
77,56,90
77,57,90
77,58,90
77,59,90
77,60,90
77,61,90
77,62,90
77,63,90
77,64,90
77,65,90
77,66,90
77,67,90
77,68,90
77,69,90
77,70,90
77,71,90
77,72,90
77,73,90
77,74,90
77,75,90
77,76,90
77,77,0
77,78,90
77,79,90
77,80,90
77,81,90
77,82,90
77,83,90
77,84,90
77,85,90
77,86,90
77,87,90
77,88,90
77,89,90
77,90,90
77,91,90
77,92,90
77,93,90
77,94,90
77,95,90
77,96,90
77,97,90
77,98,90
77,99,90
77,100,90
78,1,90
78,2,90
78,3,90
78,4,90
78,5,90
78,6,90
78,7,90
78,8,90
78,9,90
78,10,90
78,11,90
78,12,90
78,13,90
78,14,90
78,15,90
78,16,90
78,17,90
78,18,90
78,19,90
78,20,90
78,21,90
78,22,90
78,23,90
78,24,90
78,25,90
78,26,90
78,27,90
78,28,90
78,29,90
78,30,90
78,31,90
78,32,90
78,33,90
78,34,90
78,35,90
78,36,90
78,37,90
78,38,90
78,39,90
78,40,90
78,41,90
78,42,90
78,43,90
78,44,90
78,45,90
78,46,90
78,47,90
78,48,90
78,49,90
78,50,90
78,51,90
78,52,90
78,53,90
78,54,90
78,55,90
78,56,90
78,57,90
78,58,90
78,59,90
78,60,90
78,61,90
78,62,90
78,63,90
78,64,90
78,65,90
78,66,90
78,67,90
78,68,90
78,69,90
78,70,90
78,71,90
78,72,90
78,73,90
78,74,90
78,75,90
78,76,90
78,77,90
78,78,0
78,79,90
78,80,90
78,81,90
78,82,90
78,83,90
78,84,90
78,85,90
78,86,90
78,87,90
78,88,90
78,89,90
78,90,90
78,91,90
78,92,90
78,93,90
78,94,90
78,95,90
78,96,90
78,97,90
78,98,90
78,99,90
78,100,90
79,1,90
79,2,90
79,3,90
79,4,90
79,5,90
79,6,90
79,7,90
79,8,90
79,9,90
79,10,90
79,11,90
79,12,90
79,13,90
79,14,90
79,15,90
79,16,90
79,17,90
79,18,90
79,19,90
79,20,90
79,21,90
79,22,90
79,23,90
79,24,90
79,25,90
79,26,90
79,27,90
79,28,90
79,29,90
79,30,90
79,31,90
79,32,90
79,33,90
79,34,90
79,35,90
79,36,90
79,37,90
79,38,90
79,39,90
79,40,90
79,41,90
79,42,90
79,43,90
79,44,90
79,45,90
79,46,90
79,47,90
79,48,90
79,49,90
79,50,90
79,51,90
79,52,90
79,53,90
79,54,90
79,55,90
79,56,90
79,57,90
79,58,90
79,59,90
79,60,90
79,61,90
79,62,90
79,63,90
79,64,90
79,65,90
79,66,90
79,67,90
79,68,90
79,69,90
79,70,90
79,71,90
79,72,90
79,73,90
79,74,90
79,75,90
79,76,90
79,77,90
79,78,90
79,79,0
79,80,90
79,81,90
79,82,90
79,83,90
79,84,90
79,85,90
79,86,90
79,87,90
79,88,90
79,89,90
79,90,90
79,91,90
79,92,90
79,93,90
79,94,90
79,95,90
79,96,90
79,97,90
79,98,90
79,99,90
79,100,90
80,1,90
80,2,90
80,3,90
80,4,90
80,5,90
80,6,90
80,7,90
80,8,90
80,9,90
80,10,90
80,11,90
80,12,90
80,13,90
80,14,90
80,15,90
80,16,90
80,17,90
80,18,90
80,19,90
80,20,90
80,21,90
80,22,90
80,23,90
80,24,90
80,25,90
80,26,90
80,27,90
80,28,90
80,29,90
80,30,90
80,31,90
80,32,90
80,33,90
80,34,90
80,35,90
80,36,90
80,37,90
80,38,90
80,39,90
80,40,90
80,41,90
80,42,90
80,43,90
80,44,90
80,45,90
80,46,90
80,47,90
80,48,90
80,49,90
80,50,90
80,51,90
80,52,90
80,53,90
80,54,90
80,55,90
80,56,90
80,57,90
80,58,90
80,59,90
80,60,90
80,61,90
80,62,90
80,63,90
80,64,90
80,65,90
80,66,90
80,67,90
80,68,90
80,69,90
80,70,90
80,71,90
80,72,90
80,73,90
80,74,90
80,75,90
80,76,90
80,77,90
80,78,90
80,79,90
80,80,0
80,81,90
80,82,90
80,83,90
80,84,90
80,85,90
80,86,90
80,87,90
80,88,90
80,89,90
80,90,90
80,91,90
80,92,90
80,93,90
80,94,90
80,95,90
80,96,90
80,97,90
80,98,90
80,99,90
80,100,90
81,1,90
81,2,90
81,3,90
81,4,90
81,5,90
81,6,90
81,7,90
81,8,90
81,9,90
81,10,90
81,11,90
81,12,90
81,13,90
81,14,90
81,15,90
81,16,90
81,17,90
81,18,90
81,19,90
81,20,90
81,21,90
81,22,90
81,23,90
81,24,90
81,25,90
81,26,90
81,27,90
81,28,90
81,29,90
81,30,90
81,31,90
81,32,90
81,33,90
81,34,90
81,35,90
81,36,90
81,37,90
81,38,90
81,39,90
81,40,90
81,41,90
81,42,90
81,43,90
81,44,90
81,45,90
81,46,90
81,47,90
81,48,90
81,49,90
81,50,90
81,51,90
81,52,90
81,53,90
81,54,90
81,55,90
81,56,90
81,57,90
81,58,90
81,59,90
81,60,90
81,61,90
81,62,90
81,63,90
81,64,90
81,65,90
81,66,90
81,67,90
81,68,90
81,69,90
81,70,90
81,71,90
81,72,90
81,73,90
81,74,90
81,75,90
81,76,90
81,77,90
81,78,90
81,79,90
81,80,90
81,81,0
81,82,90
81,83,90
81,84,90
81,85,90
81,86,90
81,87,90
81,88,90
81,89,90
81,90,90
81,91,90
81,92,90
81,93,90
81,94,90
81,95,90
81,96,90
81,97,90
81,98,90
81,99,90
81,100,90
82,1,90
82,2,90
82,3,90
82,4,90
82,5,90
82,6,90
82,7,90
82,8,90
82,9,90
82,10,90
82,11,90
82,12,90
82,13,90
82,14,90
82,15,90
82,16,90
82,17,90
82,18,90
82,19,90
82,20,90
82,21,90
82,22,90
82,23,90
82,24,90
82,25,90
82,26,90
82,27,90
82,28,90
82,29,90
82,30,90
82,31,90
82,32,90
82,33,90
82,34,90
82,35,90
82,36,90
82,37,90
82,38,90
82,39,90
82,40,90
82,41,90
82,42,90
82,43,90
82,44,90
82,45,90
82,46,90
82,47,90
82,48,90
82,49,90
82,50,90
82,51,90
82,52,90
82,53,90
82,54,90
82,55,90
82,56,90
82,57,90
82,58,90
82,59,90
82,60,90
82,61,90
82,62,90
82,63,90
82,64,90
82,65,90
82,66,90
82,67,90
82,68,90
82,69,90
82,70,90
82,71,90
82,72,90
82,73,90
82,74,90
82,75,90
82,76,90
82,77,90
82,78,90
82,79,90
82,80,90
82,81,90
82,82,0
82,83,90
82,84,90
82,85,90
82,86,90
82,87,90
82,88,90
82,89,90
82,90,90
82,91,90
82,92,90
82,93,90
82,94,90
82,95,90
82,96,90
82,97,90
82,98,90
82,99,90
82,100,90
83,1,90
83,2,90
83,3,90
83,4,90
83,5,90
83,6,90
83,7,90
83,8,90
83,9,90
83,10,90
83,11,90
83,12,90
83,13,90
83,14,90
83,15,90
83,16,90
83,17,90
83,18,90
83,19,90
83,20,90
83,21,90
83,22,90
83,23,90
83,24,90
83,25,90
83,26,90
83,27,90
83,28,90
83,29,90
83,30,90
83,31,90
83,32,90
83,33,90
83,34,90
83,35,90
83,36,90
83,37,90
83,38,90
83,39,90
83,40,90
83,41,90
83,42,90
83,43,90
83,44,90
83,45,90
83,46,90
83,47,90
83,48,90
83,49,90
83,50,90
83,51,90
83,52,90
83,53,90
83,54,90
83,55,90
83,56,90
83,57,90
83,58,90
83,59,90
83,60,90
83,61,90
83,62,90
83,63,90
83,64,90
83,65,90
83,66,90
83,67,90
83,68,90
83,69,90
83,70,90
83,71,90
83,72,90
83,73,90
83,74,90
83,75,90
83,76,90
83,77,90
83,78,90
83,79,90
83,80,90
83,81,90
83,82,90
83,83,0
83,84,90
83,85,90
83,86,90
83,87,90
83,88,90
83,89,90
83,90,90
83,91,90
83,92,90
83,93,90
83,94,90
83,95,90
83,96,90
83,97,90
83,98,90
83,99,90
83,100,90
84,1,90
84,2,90
84,3,90
84,4,90
84,5,90
84,6,90
84,7,90
84,8,90
84,9,90
84,10,90
84,11,90
84,12,90
84,13,90
84,14,90
84,15,90
84,16,90
84,17,90
84,18,90
84,19,90
84,20,90
84,21,90
84,22,90
84,23,90
84,24,90
84,25,90
84,26,90
84,27,90
84,28,90
84,29,90
84,30,90
84,31,90
84,32,90
84,33,90
84,34,90
84,35,90
84,36,90
84,37,90
84,38,90
84,39,90
84,40,90
84,41,90
84,42,90
84,43,90
84,44,90
84,45,90
84,46,90
84,47,90
84,48,90
84,49,90
84,50,90
84,51,90
84,52,90
84,53,90
84,54,90
84,55,90
84,56,90
84,57,90
84,58,90
84,59,90
84,60,90
84,61,90
84,62,90
84,63,90
84,64,90
84,65,90
84,66,90
84,67,90
84,68,90
84,69,90
84,70,90
84,71,90
84,72,90
84,73,90
84,74,90
84,75,90
84,76,90
84,77,90
84,78,90
84,79,90
84,80,90
84,81,90
84,82,90
84,83,90
84,84,0
84,85,90
84,86,90
84,87,90
84,88,90
84,89,90
84,90,90
84,91,90
84,92,90
84,93,90
84,94,90
84,95,90
84,96,90
84,97,90
84,98,90
84,99,90
84,100,90
85,1,90
85,2,90
85,3,90
85,4,90
85,5,90
85,6,90
85,7,90
85,8,90
85,9,90
85,10,90
85,11,90
85,12,90
85,13,90
85,14,90
85,15,90
85,16,90
85,17,90
85,18,90
85,19,90
85,20,90
85,21,90
85,22,90
85,23,90
85,24,90
85,25,90
85,26,90
85,27,90
85,28,90
85,29,90
85,30,90
85,31,90
85,32,90
85,33,90
85,34,90
85,35,90
85,36,90
85,37,90
85,38,90
85,39,90
85,40,90
85,41,90
85,42,90
85,43,90
85,44,90
85,45,90
85,46,90
85,47,90
85,48,90
85,49,90
85,50,90
85,51,90
85,52,90
85,53,90
85,54,90
85,55,90
85,56,90
85,57,90
85,58,90
85,59,90
85,60,90
85,61,90
85,62,90
85,63,90
85,64,90
85,65,90
85,66,90
85,67,90
85,68,90
85,69,90
85,70,90
85,71,90
85,72,90
85,73,90
85,74,90
85,75,90
85,76,90
85,77,90
85,78,90
85,79,90
85,80,90
85,81,90
85,82,90
85,83,90
85,84,90
85,85,0
85,86,90
85,87,90
85,88,90
85,89,90
85,90,90
85,91,90
85,92,90
85,93,90
85,94,90
85,95,90
85,96,90
85,97,90
85,98,90
85,99,90
85,100,90
86,1,90
86,2,90
86,3,90
86,4,90
86,5,90
86,6,90
86,7,90
86,8,90
86,9,90
86,10,90
86,11,90
86,12,90
86,13,90
86,14,90
86,15,90
86,16,90
86,17,90
86,18,90
86,19,90
86,20,90
86,21,90
86,22,90
86,23,90
86,24,90
86,25,90
86,26,90
86,27,90
86,28,90
86,29,90
86,30,90
86,31,90
86,32,90
86,33,90
86,34,90
86,35,90
86,36,90
86,37,90
86,38,90
86,39,90
86,40,90
86,41,90
86,42,90
86,43,90
86,44,90
86,45,90
86,46,90
86,47,90
86,48,90
86,49,90
86,50,90
86,51,90
86,52,90
86,53,90
86,54,90
86,55,90
86,56,90
86,57,90
86,58,90
86,59,90
86,60,90
86,61,90
86,62,90
86,63,90
86,64,90
86,65,90
86,66,90
86,67,90
86,68,90
86,69,90
86,70,90
86,71,90
86,72,90
86,73,90
86,74,90
86,75,90
86,76,90
86,77,90
86,78,90
86,79,90
86,80,90
86,81,90
86,82,90
86,83,90
86,84,90
86,85,90
86,86,0
86,87,90
86,88,90
86,89,90
86,90,90
86,91,90
86,92,90
86,93,90
86,94,90
86,95,90
86,96,90
86,97,90
86,98,90
86,99,90
86,100,90
87,1,90
87,2,90
87,3,90
87,4,90
87,5,90
87,6,90
87,7,90
87,8,90
87,9,90
87,10,90
87,11,90
87,12,90
87,13,90
87,14,90
87,15,90
87,16,90
87,17,90
87,18,90
87,19,90
87,20,90
87,21,90
87,22,90
87,23,90
87,24,90
87,25,90
87,26,90
87,27,90
87,28,90
87,29,90
87,30,90
87,31,90
87,32,90
87,33,90
87,34,90
87,35,90
87,36,90
87,37,90
87,38,90
87,39,90
87,40,90
87,41,90
87,42,90
87,43,90
87,44,90
87,45,90
87,46,90
87,47,90
87,48,90
87,49,90
87,50,90
87,51,90
87,52,90
87,53,90
87,54,90
87,55,90
87,56,90
87,57,90
87,58,90
87,59,90
87,60,90
87,61,90
87,62,90
87,63,90
87,64,90
87,65,90
87,66,90
87,67,90
87,68,90
87,69,90
87,70,90
87,71,90
87,72,90
87,73,90
87,74,90
87,75,90
87,76,90
87,77,90
87,78,90
87,79,90
87,80,90
87,81,90
87,82,90
87,83,90
87,84,90
87,85,90
87,86,90
87,87,0
87,88,90
87,89,90
87,90,90
87,91,90
87,92,90
87,93,90
87,94,90
87,95,90
87,96,90
87,97,90
87,98,90
87,99,90
87,100,90
88,1,90
88,2,90
88,3,90
88,4,90
88,5,90
88,6,90
88,7,90
88,8,90
88,9,90
88,10,90
88,11,90
88,12,90
88,13,90
88,14,90
88,15,90
88,16,90
88,17,90
88,18,90
88,19,90
88,20,90
88,21,90
88,22,90
88,23,90
88,24,90
88,25,90
88,26,90
88,27,90
88,28,90
88,29,90
88,30,90
88,31,90
88,32,90
88,33,90
88,34,90
88,35,90
88,36,90
88,37,90
88,38,90
88,39,90
88,40,90
88,41,90
88,42,90
88,43,90
88,44,90
88,45,90
88,46,90
88,47,90
88,48,90
88,49,90
88,50,90
88,51,90
88,52,90
88,53,90
88,54,90
88,55,90
88,56,90
88,57,90
88,58,90
88,59,90
88,60,90
88,61,90
88,62,90
88,63,90
88,64,90
88,65,90
88,66,90
88,67,90
88,68,90
88,69,90
88,70,90
88,71,90
88,72,90
88,73,90
88,74,90
88,75,90
88,76,90
88,77,90
88,78,90
88,79,90
88,80,90
88,81,90
88,82,90
88,83,90
88,84,90
88,85,90
88,86,90
88,87,90
88,88,0
88,89,90
88,90,90
88,91,90
88,92,90
88,93,90
88,94,90
88,95,90
88,96,90
88,97,90
88,98,90
88,99,90
88,100,90
89,1,90
89,2,90
89,3,90
89,4,90
89,5,90
89,6,90
89,7,90
89,8,90
89,9,90
89,10,90
89,11,90
89,12,90
89,13,90
89,14,90
89,15,90
89,16,90
89,17,90
89,18,90
89,19,90
89,20,90
89,21,90
89,22,90
89,23,90
89,24,90
89,25,90
89,26,90
89,27,90
89,28,90
89,29,90
89,30,90
89,31,90
89,32,90
89,33,90
89,34,90
89,35,90
89,36,90
89,37,90
89,38,90
89,39,90
89,40,90
89,41,90
89,42,90
89,43,90
89,44,90
89,45,90
89,46,90
89,47,90
89,48,90
89,49,90
89,50,90
89,51,90
89,52,90
89,53,90
89,54,90
89,55,90
89,56,90
89,57,90
89,58,90
89,59,90
89,60,90
89,61,90
89,62,90
89,63,90
89,64,90
89,65,90
89,66,90
89,67,90
89,68,90
89,69,90
89,70,90
89,71,90
89,72,90
89,73,90
89,74,90
89,75,90
89,76,90
89,77,90
89,78,90
89,79,90
89,80,90
89,81,90
89,82,90
89,83,90
89,84,90
89,85,90
89,86,90
89,87,90
89,88,90
89,89,0
89,90,90
89,91,90
89,92,90
89,93,90
89,94,90
89,95,90
89,96,90
89,97,90
89,98,90
89,99,90
89,100,90
90,1,90
90,2,90
90,3,90
90,4,90
90,5,90
90,6,90
90,7,90
90,8,90
90,9,90
90,10,90
90,11,90
90,12,90
90,13,90
90,14,90
90,15,90
90,16,90
90,17,90
90,18,90
90,19,90
90,20,90
90,21,90
90,22,90
90,23,90
90,24,90
90,25,90
90,26,90
90,27,90
90,28,90
90,29,90
90,30,90
90,31,90
90,32,90
90,33,90
90,34,90
90,35,90
90,36,90
90,37,90
90,38,90
90,39,90
90,40,90
90,41,90
90,42,90
90,43,90
90,44,90
90,45,90
90,46,90
90,47,90
90,48,90
90,49,90
90,50,90
90,51,90
90,52,90
90,53,90
90,54,90
90,55,90
90,56,90
90,57,90
90,58,90
90,59,90
90,60,90
90,61,90
90,62,90
90,63,90
90,64,90
90,65,90
90,66,90
90,67,90
90,68,90
90,69,90
90,70,90
90,71,90
90,72,90
90,73,90
90,74,90
90,75,90
90,76,90
90,77,90
90,78,90
90,79,90
90,80,90
90,81,90
90,82,90
90,83,90
90,84,90
90,85,90
90,86,90
90,87,90
90,88,90
90,89,90
90,90,0
90,91,90
90,92,90
90,93,90
90,94,90
90,95,90
90,96,90
90,97,90
90,98,90
90,99,90
90,100,90
91,1,90
91,2,90
91,3,90
91,4,90
91,5,90
91,6,90
91,7,90
91,8,90
91,9,90
91,10,90
91,11,90
91,12,90
91,13,90
91,14,90
91,15,90
91,16,90
91,17,90
91,18,90
91,19,90
91,20,90
91,21,90
91,22,90
91,23,90
91,24,90
91,25,90
91,26,90
91,27,90
91,28,90
91,29,90
91,30,90
91,31,90
91,32,90
91,33,90
91,34,90
91,35,90
91,36,90
91,37,90
91,38,90
91,39,90
91,40,90
91,41,90
91,42,90
91,43,90
91,44,90
91,45,90
91,46,90
91,47,90
91,48,90
91,49,90
91,50,90
91,51,90
91,52,90
91,53,90
91,54,90
91,55,90
91,56,90
91,57,90
91,58,90
91,59,90
91,60,90
91,61,90
91,62,90
91,63,90
91,64,90
91,65,90
91,66,90
91,67,90
91,68,90
91,69,90
91,70,90
91,71,90
91,72,90
91,73,90
91,74,90
91,75,90
91,76,90
91,77,90
91,78,90
91,79,90
91,80,90
91,81,90
91,82,90
91,83,90
91,84,90
91,85,90
91,86,90
91,87,90
91,88,90
91,89,90
91,90,90
91,91,0
91,92,90
91,93,90
91,94,90
91,95,90
91,96,90
91,97,90
91,98,90
91,99,90
91,100,90
92,1,90
92,2,90
92,3,90
92,4,90
92,5,90
92,6,90
92,7,90
92,8,90
92,9,90
92,10,90
92,11,90
92,12,90
92,13,90
92,14,90
92,15,90
92,16,90
92,17,90
92,18,90
92,19,90
92,20,90
92,21,90
92,22,90
92,23,90
92,24,90
92,25,90
92,26,90
92,27,90
92,28,90
92,29,90
92,30,90
92,31,90
92,32,90
92,33,90
92,34,90
92,35,90
92,36,90
92,37,90
92,38,90
92,39,90
92,40,90
92,41,90
92,42,90
92,43,90
92,44,90
92,45,90
92,46,90
92,47,90
92,48,90
92,49,90
92,50,90
92,51,90
92,52,90
92,53,90
92,54,90
92,55,90
92,56,90
92,57,90
92,58,90
92,59,90
92,60,90
92,61,90
92,62,90
92,63,90
92,64,90
92,65,90
92,66,90
92,67,90
92,68,90
92,69,90
92,70,90
92,71,90
92,72,90
92,73,90
92,74,90
92,75,90
92,76,90
92,77,90
92,78,90
92,79,90
92,80,90
92,81,90
92,82,90
92,83,90
92,84,90
92,85,90
92,86,90
92,87,90
92,88,90
92,89,90
92,90,90
92,91,90
92,92,0
92,93,90
92,94,90
92,95,90
92,96,90
92,97,90
92,98,90
92,99,90
92,100,90
93,1,90
93,2,90
93,3,90
93,4,90
93,5,90
93,6,90
93,7,90
93,8,90
93,9,90
93,10,90
93,11,90
93,12,90
93,13,90
93,14,90
93,15,90
93,16,90
93,17,90
93,18,90
93,19,90
93,20,90
93,21,90
93,22,90
93,23,90
93,24,90
93,25,90
93,26,90
93,27,90
93,28,90
93,29,90
93,30,90
93,31,90
93,32,90
93,33,90
93,34,90
93,35,90
93,36,90
93,37,90
93,38,90
93,39,90
93,40,90
93,41,90
93,42,90
93,43,90
93,44,90
93,45,90
93,46,90
93,47,90
93,48,90
93,49,90
93,50,90
93,51,90
93,52,90
93,53,90
93,54,90
93,55,90
93,56,90
93,57,90
93,58,90
93,59,90
93,60,90
93,61,90
93,62,90
93,63,90
93,64,90
93,65,90
93,66,90
93,67,90
93,68,90
93,69,90
93,70,90
93,71,90
93,72,90
93,73,90
93,74,90
93,75,90
93,76,90
93,77,90
93,78,90
93,79,90
93,80,90
93,81,90
93,82,90
93,83,90
93,84,90
93,85,90
93,86,90
93,87,90
93,88,90
93,89,90
93,90,90
93,91,90
93,92,90
93,93,0
93,94,90
93,95,90
93,96,90
93,97,90
93,98,90
93,99,90
93,100,90
94,1,90
94,2,90
94,3,90
94,4,90
94,5,90
94,6,90
94,7,90
94,8,90
94,9,90
94,10,90
94,11,90
94,12,90
94,13,90
94,14,90
94,15,90
94,16,90
94,17,90
94,18,90
94,19,90
94,20,90
94,21,90
94,22,90
94,23,90
94,24,90
94,25,90
94,26,90
94,27,90
94,28,90
94,29,90
94,30,90
94,31,90
94,32,90
94,33,90
94,34,90
94,35,90
94,36,90
94,37,90
94,38,90
94,39,90
94,40,90
94,41,90
94,42,90
94,43,90
94,44,90
94,45,90
94,46,90
94,47,90
94,48,90
94,49,90
94,50,90
94,51,90
94,52,90
94,53,90
94,54,90
94,55,90
94,56,90
94,57,90
94,58,90
94,59,90
94,60,90
94,61,90
94,62,90
94,63,90
94,64,90
94,65,90
94,66,90
94,67,90
94,68,90
94,69,90
94,70,90
94,71,90
94,72,90
94,73,90
94,74,90
94,75,90
94,76,90
94,77,90
94,78,90
94,79,90
94,80,90
94,81,90
94,82,90
94,83,90
94,84,90
94,85,90
94,86,90
94,87,90
94,88,90
94,89,90
94,90,90
94,91,90
94,92,90
94,93,90
94,94,0
94,95,90
94,96,90
94,97,90
94,98,90
94,99,90
94,100,90
95,1,90
95,2,90
95,3,90
95,4,90
95,5,90
95,6,90
95,7,90
95,8,90
95,9,90
95,10,90
95,11,90
95,12,90
95,13,90
95,14,90
95,15,90
95,16,90
95,17,90
95,18,90
95,19,90
95,20,90
95,21,90
95,22,90
95,23,90
95,24,90
95,25,90
95,26,90
95,27,90
95,28,90
95,29,90
95,30,90
95,31,90
95,32,90
95,33,90
95,34,90
95,35,90
95,36,90
95,37,90
95,38,90
95,39,90
95,40,90
95,41,90
95,42,90
95,43,90
95,44,90
95,45,90
95,46,90
95,47,90
95,48,90
95,49,90
95,50,90
95,51,90
95,52,90
95,53,90
95,54,90
95,55,90
95,56,90
95,57,90
95,58,90
95,59,90
95,60,90
95,61,90
95,62,90
95,63,90
95,64,90
95,65,90
95,66,90
95,67,90
95,68,90
95,69,90
95,70,90
95,71,90
95,72,90
95,73,90
95,74,90
95,75,90
95,76,90
95,77,90
95,78,90
95,79,90
95,80,90
95,81,90
95,82,90
95,83,90
95,84,90
95,85,90
95,86,90
95,87,90
95,88,90
95,89,90
95,90,90
95,91,90
95,92,90
95,93,90
95,94,90
95,95,0
95,96,90
95,97,90
95,98,90
95,99,90
95,100,90
96,1,90
96,2,90
96,3,90
96,4,90
96,5,90
96,6,90
96,7,90
96,8,90
96,9,90
96,10,90
96,11,90
96,12,90
96,13,90
96,14,90
96,15,90
96,16,90
96,17,90
96,18,90
96,19,90
96,20,90
96,21,90
96,22,90
96,23,90
96,24,90
96,25,90
96,26,90
96,27,90
96,28,90
96,29,90
96,30,90
96,31,90
96,32,90
96,33,90
96,34,90
96,35,90
96,36,90
96,37,90
96,38,90
96,39,90
96,40,90
96,41,90
96,42,90
96,43,90
96,44,90
96,45,90
96,46,90
96,47,90
96,48,90
96,49,90
96,50,90
96,51,90
96,52,90
96,53,90
96,54,90
96,55,90
96,56,90
96,57,90
96,58,90
96,59,90
96,60,90
96,61,90
96,62,90
96,63,90
96,64,90
96,65,90
96,66,90
96,67,90
96,68,90
96,69,90
96,70,90
96,71,90
96,72,90
96,73,90
96,74,90
96,75,90
96,76,90
96,77,90
96,78,90
96,79,90
96,80,90
96,81,90
96,82,90
96,83,90
96,84,90
96,85,90
96,86,90
96,87,90
96,88,90
96,89,90
96,90,90
96,91,90
96,92,90
96,93,90
96,94,90
96,95,90
96,96,0
96,97,90
96,98,90
96,99,90
96,100,90
97,1,90
97,2,90
97,3,90
97,4,90
97,5,90
97,6,90
97,7,90
97,8,90
97,9,90
97,10,90
97,11,90
97,12,90
97,13,90
97,14,90
97,15,90
97,16,90
97,17,90
97,18,90
97,19,90
97,20,90
97,21,90
97,22,90
97,23,90
97,24,90
97,25,90
97,26,90
97,27,90
97,28,90
97,29,90
97,30,90
97,31,90
97,32,90
97,33,90
97,34,90
97,35,90
97,36,90
97,37,90
97,38,90
97,39,90
97,40,90
97,41,90
97,42,90
97,43,90
97,44,90
97,45,90
97,46,90
97,47,90
97,48,90
97,49,90
97,50,90
97,51,90
97,52,90
97,53,90
97,54,90
97,55,90
97,56,90
97,57,90
97,58,90
97,59,90
97,60,90
97,61,90
97,62,90
97,63,90
97,64,90
97,65,90
97,66,90
97,67,90
97,68,90
97,69,90
97,70,90
97,71,90
97,72,90
97,73,90
97,74,90
97,75,90
97,76,90
97,77,90
97,78,90
97,79,90
97,80,90
97,81,90
97,82,90
97,83,90
97,84,90
97,85,90
97,86,90
97,87,90
97,88,90
97,89,90
97,90,90
97,91,90
97,92,90
97,93,90
97,94,90
97,95,90
97,96,90
97,97,0
97,98,90
97,99,90
97,100,90
98,1,90
98,2,90
98,3,90
98,4,90
98,5,90
98,6,90
98,7,90
98,8,90
98,9,90
98,10,90
98,11,90
98,12,90
98,13,90
98,14,90
98,15,90
98,16,90
98,17,90
98,18,90
98,19,90
98,20,90
98,21,90
98,22,90
98,23,90
98,24,90
98,25,90
98,26,90
98,27,90
98,28,90
98,29,90
98,30,90
98,31,90
98,32,90
98,33,90
98,34,90
98,35,90
98,36,90
98,37,90
98,38,90
98,39,90
98,40,90
98,41,90
98,42,90
98,43,90
98,44,90
98,45,90
98,46,90
98,47,90
98,48,90
98,49,90
98,50,90
98,51,90
98,52,90
98,53,90
98,54,90
98,55,90
98,56,90
98,57,90
98,58,90
98,59,90
98,60,90
98,61,90
98,62,90
98,63,90
98,64,90
98,65,90
98,66,90
98,67,90
98,68,90
98,69,90
98,70,90
98,71,90
98,72,90
98,73,90
98,74,90
98,75,90
98,76,90
98,77,90
98,78,90
98,79,90
98,80,90
98,81,90
98,82,90
98,83,90
98,84,90
98,85,90
98,86,90
98,87,90
98,88,90
98,89,90
98,90,90
98,91,90
98,92,90
98,93,90
98,94,90
98,95,90
98,96,90
98,97,90
98,98,0
98,99,90
98,100,90
99,1,90
99,2,90
99,3,90
99,4,90
99,5,90
99,6,90
99,7,90
99,8,90
99,9,90
99,10,90
99,11,90
99,12,90
99,13,90
99,14,90
99,15,90
99,16,90
99,17,90
99,18,90
99,19,90
99,20,90
99,21,90
99,22,90
99,23,90
99,24,90
99,25,90
99,26,90
99,27,90
99,28,90
99,29,90
99,30,90
99,31,90
99,32,90
99,33,90
99,34,90
99,35,90
99,36,90
99,37,90
99,38,90
99,39,90
99,40,90
99,41,90
99,42,90
99,43,90
99,44,90
99,45,90
99,46,90
99,47,90
99,48,90
99,49,90
99,50,90
99,51,90
99,52,90
99,53,90
99,54,90
99,55,90
99,56,90
99,57,90
99,58,90
99,59,90
99,60,90
99,61,90
99,62,90
99,63,90
99,64,90
99,65,90
99,66,90
99,67,90
99,68,90
99,69,90
99,70,90
99,71,90
99,72,90
99,73,90
99,74,90
99,75,90
99,76,90
99,77,90
99,78,90
99,79,90
99,80,90
99,81,90
99,82,90
99,83,90
99,84,90
99,85,90
99,86,90
99,87,90
99,88,90
99,89,90
99,90,90
99,91,90
99,92,90
99,93,90
99,94,90
99,95,90
99,96,90
99,97,90
99,98,90
99,99,0
99,100,90
100,1,90
100,2,90
100,3,90
100,4,90
100,5,90
100,6,90
100,7,90
100,8,90
100,9,90
100,10,90
100,11,90
100,12,90
100,13,90
100,14,90
100,15,90
100,16,90
100,17,90
100,18,90
100,19,90
100,20,90
100,21,90
100,22,90
100,23,90
100,24,90
100,25,90
100,26,90
100,27,90
100,28,90
100,29,90
100,30,90
100,31,90
100,32,90
100,33,90
100,34,90
100,35,90
100,36,90
100,37,90
100,38,90
100,39,90
100,40,90
100,41,90
100,42,90
100,43,90
100,44,90
100,45,90
100,46,90
100,47,90
100,48,90
100,49,90
100,50,90
100,51,90
100,52,90
100,53,90
100,54,90
100,55,90
100,56,90
100,57,90
100,58,90
100,59,90
100,60,90
100,61,90
100,62,90
100,63,90
100,64,90
100,65,90
100,66,90
100,67,90
100,68,90
100,69,90
100,70,90
100,71,90
100,72,90
100,73,90
100,74,90
100,75,90
100,76,90
100,77,90
100,78,90
100,79,90
100,80,90
100,81,90
100,82,90
100,83,90
100,84,90
100,85,90
100,86,90
100,87,90
100,88,90
100,89,90
100,90,90
100,91,90
100,92,90
100,93,90
100,94,90
100,95,90
100,96,90
100,97,90
100,98,90
100,99,90
100,100,0
==========