Accepted sales revenue: 393990
Profit with rejection compensation: -2891986
Accepted orders: 12 / 100
Moving time used: 0 / 0

Assignments
Order ID,Car ID,Requested level,Car level,Upgrade,Pickup station,Return station,Pickup time,Return time,Revenue
9,34,8,9,yes,17,12,2023/01/07 14:00,2023/01/08 22:00,34720
10,100,8,8,no,47,31,2023/01/17 20:00,2023/01/19 08:00,39060
36,78,7,8,yes,69,69,2023/01/24 02:00,2023/01/25 12:00,32232
39,44,4,5,yes,3,39,2023/01/02 18:30,2023/01/04 10:30,26320
67,16,5,6,yes,27,35,2023/01/19 04:00,2023/01/20 15:00,25410
69,18,4,4,no,59,25,2023/01/08 13:00,2023/01/09 18:00,19082
70,59,9,10,yes,21,86,2023/01/24 10:30,2023/01/26 10:30,54768
74,82,4,5,yes,53,77,2023/01/02 10:30,2023/01/04 06:30,28952
75,94,8,8,no,21,71,2023/01/04 22:30,2023/01/06 20:30,49910
83,96,4,4,no,9,96,2023/01/07 05:30,2023/01/08 09:30,18424
88,6,7,7,no,77,9,2023/01/20 20:00,2023/01/22 01:00,27492
90,7,10,10,no,45,77,2023/01/13 22:00,2023/01/15 04:00,37620

Rejected orders
Order ID,Revenue lost,Compensation
1,14476,28952
2,26320,52640
3,38868,77736
4,8880,17760
5,7144,14288
6,12551,25102
7,37920,75840
8,60192,120384
11,13020,26040
12,31584,63168
13,33089,66178
14,18810,37620
15,11844,23688
16,37620,75240
17,5264,10528
18,21780,43560
19,39816,79632
20,1896,3792
21,6392,12784
22,10528,21056
23,22752,45504
24,4356,8712
25,14664,29328
26,7520,15040
27,9480,18960
28,20538,41076
29,34230,68460
30,30096,60192
31,22572,45144
32,14476,28952
33,22428,44856
34,52668,105336
35,32550,65100
37,3762,7524
38,13875,27750
40,7770,15540
41,35244,70488
42,6580,13160
43,12210,24420
44,1974,3948
45,11280,22560
46,9438,18876
47,29766,59532
48,29040,58080
49,15134,30268
50,6636,13272
51,13160,26320
52,2345,4690
53,21090,42180
54,27636,55272
55,12540,25080
56,21318,42636
57,25102,50204
58,11656,23312
59,7238,14476
60,7215,14430
61,28952,57904
62,21318,42636
63,41230,82460
64,13132,26264
65,22506,45012
66,4690,9380
68,25662,51324
71,3423,6846
72,6566,13132
73,28836,57672
76,15974,31948
77,4340,8680
78,25632,51264
79,7973,15946
80,14430,28860
81,4440,8880
82,5688,11376
84,35076,70152
85,4740,9480
86,20025,40050
87,17360,34720
89,6408,12816
91,938,1876
92,19229,38458
93,43890,87780
94,24831,49662
95,14664,29328
96,29388,58776
97,50204,100408
98,22200,44400
99,13875,27750
100,7035,14070

Relocations
Car ID,From,To,Depart,Arrive,Moving minutes,Reason

Routes
Car 6: order 88
Car 7: order 90
Car 16: order 67
Car 18: order 69
Car 34: order 9
Car 44: order 39
Car 59: order 70
Car 78: order 36
Car 82: order 74
Car 94: order 75
Car 96: order 83
Car 100: order 10
