Accepted sales revenue: 213336
Profit with rejection compensation: -3240742
Accepted orders: 10 / 100
Moving time used: 0 / 0

Assignments
Order ID,Car ID,Requested level,Car level,Upgrade,Pickup station,Return station,Pickup time,Return time,Revenue
4,18,9,10,yes,45,36,2023/01/14 21:00,2023/01/15 02:00,5300
10,70,7,7,no,58,49,2023/01/11 08:30,2023/01/12 09:30,23250
32,70,6,7,yes,53,58,2023/01/09 04:30,2023/01/09 15:30,9658
34,16,6,7,yes,47,27,2023/01/09 12:00,2023/01/10 00:00,10536
41,31,3,3,no,25,3,2023/01/12 07:30,2023/01/12 09:30,1286
42,22,5,6,yes,39,18,2023/01/16 17:30,2023/01/17 16:30,18676
49,51,9,10,yes,79,46,2023/01/20 23:30,2023/01/22 21:30,48760
66,18,9,10,yes,13,45,2023/01/01 22:30,2023/01/03 18:30,46640
84,9,10,10,no,95,87,2023/01/11 17:00,2023/01/12 20:00,30780
92,39,4,4,no,43,38,2023/01/10 12:00,2023/01/11 13:00,18450

Rejected orders
Order ID,Revenue lost,Compensation
1,17052,34104
2,41040,82080
3,25080,50160
5,10668,21336
6,26568,53136
7,21924,43848
8,18004,36008
9,27218,54436
11,18020,36040
12,11368,22736
13,8120,16240
14,9652,19304
15,7928,15856
16,2634,5268
17,24584,49168
18,8856,17712
19,12720,25440
20,29760,59520
21,36876,73752
22,10901,21802
23,7308,14616
24,23784,47568
25,36480,72960
26,17020,34040
27,30721,61442
28,36876,73752
29,2436,4872
30,14224,28448
31,5920,11840
33,3048,6096
35,17390,34780
36,29640,59280
37,14926,29852
38,53580,107160
39,1016,2032
40,23548,47096
43,33060,66120
44,7400,14800
45,5166,10332
46,9658,19316
47,12860,25720
48,3858,7716
50,26970,53940
51,33210,66420
52,9910,19820
53,20811,41622
54,20194,40388
55,7030,14060
56,16974,33948
57,42613,85226
58,16718,33436
59,30258,60516
60,50160,100320
61,11368,22736
62,19304,38608
63,25984,51968
64,7440,14880
65,13874,27748
67,8120,16240
68,22828,45656
69,1624,3248
70,3330,6660
71,40920,81840
72,8780,17560
73,25172,50344
74,20194,40388
75,17712,35424
76,2120,4240
77,45580,91160
78,53580,107160
79,3420,6840
80,10360,20720
81,24180,48360
82,5268,10536
83,3690,7380
85,17780,35560
86,16682,33364
87,29852,59704
88,20520,41040
89,29730,59460
90,36667,73334
91,22793,45586
93,6937,13874
94,31734,63468
95,16847,33694
96,10332,20664
97,8128,16256
98,30690,61380
99,38649,77298
100,1110,2220

Relocations
Car ID,From,To,Depart,Arrive,Moving minutes,Reason

Routes
Car 9: order 84
Car 16: order 34
Car 18: order 66 -> order 4
Car 22: order 42
Car 31: order 41
Car 39: order 92
Car 51: order 49
Car 70: order 32 -> order 10
