Accepted sales revenue: 231412
Profit with rejection compensation: -2858202
Accepted orders: 12 / 100
Moving time used: 0 / 0

Assignments
Order ID,Car ID,Requested level,Car level,Upgrade,Pickup station,Return station,Pickup time,Return time,Revenue
7,9,9,10,yes,81,69,2023/01/15 09:00,2023/01/16 11:00,25064
8,45,6,7,yes,81,33,2023/01/16 22:30,2023/01/17 04:30,4458
13,88,9,10,yes,89,45,2023/01/13 06:30,2023/01/13 08:30,1928
32,75,8,8,no,49,56,2023/01/06 08:00,2023/01/08 03:00,38098
34,13,7,7,no,35,16,2023/01/07 03:00,2023/01/08 13:00,27880
45,26,8,9,yes,19,81,2023/02/04 21:00,2023/02/06 10:00,32782
49,79,3,4,yes,31,46,2023/01/15 07:30,2023/01/17 06:30,23218
55,36,9,9,no,87,100,2023/01/16 11:30,2023/01/17 06:30,18316
58,95,2,2,no,33,15,2023/01/03 18:30,2023/01/03 20:30,806
59,71,9,10,yes,47,79,2023/02/09 09:30,2023/02/10 04:30,18316
68,49,3,3,no,3,49,2023/01/26 15:30,2023/01/28 12:30,22230
95,23,9,10,yes,9,88,2023/02/06 06:00,2023/02/07 01:00,18316

Rejected orders
Order ID,Revenue lost,Compensation
1,18326,36652
2,3544,7088
3,28028,56056
4,12642,25284
5,10592,21184
6,13240,26480
9,5958,11916
10,23478,46956
11,32340,64680
12,7430,14860
14,40488,80976
15,23776,47552
16,16170,32340
17,38560,77120
18,18135,36270
19,4030,8060
20,6748,13496
21,9180,18360
22,17874,35748
23,15092,30184
24,5740,11480
25,25284,50568
26,18941,37882
27,23478,46956
28,15092,30184
29,25872,51744
30,15226,30452
31,21320,42640
33,1360,2720
35,2418,4836
36,26028,52056
37,7410,14820
38,2892,5784
39,13832,27664
40,24100,48200
41,15580,31160
42,18662,37324
43,15603,31206
44,4458,8916
46,39524,79048
47,15888,31776
48,27804,55608
50,18536,37072
51,46354,92708
52,16302,32604
53,22508,45016
54,4836,9672
56,18575,37150
57,24682,49364
60,7480,14960
61,15062,30124
62,12493,24986
63,30452,60904
64,14014,28028
65,21560,43120
66,1986,3972
67,26240,52480
69,39886,79772
70,10540,21080
71,16926,33852
72,15980,31960
73,27880,55760
74,26240,52480
75,13832,27664
76,7820,15640
77,9180,18360
78,15314,30628
79,31160,62320
80,7974,15948
81,21672,43344
82,15652,31304
83,18536,37072
84,8160,16320
85,5296,10592
86,19492,38984
87,6448,12896
88,18606,37212
89,7904,15808
90,22230,44460
91,51744,103488
92,10478,20956
93,16523,33046
94,5390,10780
96,4100,8200
97,26028,52056
98,15580,31160
99,31980,63960
100,23033,46066

Relocations
Car ID,From,To,Depart,Arrive,Moving minutes,Reason

Routes
Car 9: order 7
Car 13: order 34
Car 23: order 95
Car 26: order 45
Car 36: order 55
Car 45: order 8
Car 49: order 68
Car 71: order 59
Car 75: order 32
Car 79: order 49
Car 88: order 13
Car 95: order 58
