Accepted sales revenue: 182034
Profit with rejection compensation: -3761072
Accepted orders: 10 / 100
Moving time used: 0 / 0

Assignments
Order ID,Car ID,Requested level,Car level,Upgrade,Pickup station,Return station,Pickup time,Return time,Revenue
26,86,9,10,yes,35,76,2023/01/03 17:00,2023/01/04 23:00,32490
34,43,3,3,no,89,13,2023/01/14 17:00,2023/01/16 09:00,23120
39,93,1,1,no,65,19,2023/01/05 19:00,2023/01/07 08:00,13431
52,5,9,9,no,99,1,2023/01/08 04:30,2023/01/08 21:30,18411
74,36,5,5,no,83,42,2023/01/09 04:30,2023/01/09 23:30,13946
76,2,5,5,no,63,22,2023/01/12 12:00,2023/01/13 21:00,24222
86,27,3,3,no,71,97,2023/01/11 22:00,2023/01/13 21:00,27166
87,66,4,5,yes,19,79,2023/01/10 08:00,2023/01/10 16:00,5344
94,79,6,6,no,81,28,2023/01/15 00:30,2023/01/15 22:30,18766
97,16,5,6,yes,45,16,2023/01/06 09:00,2023/01/06 16:00,5138

Rejected orders
Order ID,Revenue lost,Compensation
1,5808,11616
2,24737,49474
3,33267,66534
4,21376,42752
5,3872,7744
6,38385,76770
7,22264,44528
8,4719,9438
9,13552,27104
10,19652,39304
11,42592,85184
12,28149,56298
13,6398,12796
14,16335,32670
15,3656,7312
16,16335,32670
17,27744,55488
18,15606,31212
19,30728,61456
20,30060,60120
21,22044,44088
22,38720,77440
23,6534,13068
24,12478,24956
25,2422,4844
27,35119,70238
28,23031,46062
29,26443,52886
30,10404,20808
31,11882,23764
32,21296,42592
33,6824,13648
35,10890,21780
36,30275,60550
37,52073,104146
38,36330,72660
40,6358,12716
41,33573,67146
42,44403,88806
43,726,1452
44,13321,26642
45,2004,4008
46,21386,42772
47,6936,13872
48,20708,41416
49,20040,40080
50,18704,37408
51,56917,113834
53,12478,24956
54,5344,10688
55,5808,11616
56,58128,116256
57,9140,18280
58,30976,61952
59,19362,38724
60,14624,29248
61,32296,64592
62,15538,31076
63,12447,24894
64,15213,30426
65,24048,48096
66,2766,5532
67,37541,75082
68,26720,53440
69,39238,78476
70,39963,79926
71,30060,60120
72,27892,55784
73,6055,12110
75,27853,55706
77,20587,41174
78,47229,94458
79,44528,89056
80,19372,38744
81,6915,13830
82,28072,56144
83,22743,45486
84,24956,49912
85,27420,54840
88,47229,94458
89,10054,20108
90,11525,23050
91,18704,37408
92,7623,15246
93,25168,50336
95,19494,38988
96,20552,41104
98,9352,18704
99,36560,73120
100,32904,65808

Relocations
Car ID,From,To,Depart,Arrive,Moving minutes,Reason

Routes
Car 2: order 76
Car 5: order 52
Car 16: order 97
Car 27: order 86
Car 36: order 74
Car 43: order 34
Car 66: order 87
Car 79: order 94
Car 86: order 26
Car 93: order 39
