Accepted sales revenue: 253669
Profit with rejection compensation: -3437939
Accepted orders: 9 / 100
Moving time used: 0 / 0

Assignments
Order ID,Car ID,Requested level,Car level,Upgrade,Pickup station,Return station,Pickup time,Return time,Revenue
12,37,3,3,no,75,78,2023/01/03 09:00,2023/01/04 20:00,20895
34,60,9,9,no,47,64,2023/01/05 10:30,2023/01/06 08:30,27742
36,84,9,9,no,75,12,2023/01/07 16:30,2023/01/09 08:30,50440
53,40,10,10,no,91,99,2023/01/01 11:30,2023/01/02 00:30,17641
68,12,7,8,yes,65,69,2023/01/11 21:00,2023/01/13 13:00,41560
71,16,9,9,no,49,83,2023/01/08 00:30,2023/01/08 11:30,13871
78,58,7,8,yes,31,28,2023/01/06 07:00,2023/01/08 00:00,42599
82,67,5,5,no,53,88,2023/01/05 12:00,2023/01/06 17:00,22765
90,43,8,8,no,81,32,2023/01/06 05:00,2023/01/06 19:00,16156

Rejected orders
Order ID,Revenue lost,Compensation
1,10990,21980
2,24624,49248
3,11664,23328
4,47314,94628
5,19436,38872
6,6567,13134
7,8710,17420
8,18080,36160
9,33925,67850
10,2985,5970
11,5373,10746
13,33226,66452
14,58006,116012
15,31430,62860
16,25975,51950
17,18507,37014
18,16156,32312
19,22858,45716
20,8710,17420
21,54238,108476
22,52962,105924
23,31400,62800
24,14130,28260
25,8312,16624
26,8424,16848
27,22032,44064
28,28059,56118
29,25120,50240
30,13108,26216
31,43638,87276
32,7035,14070
33,14927,29854
35,39353,78706
37,6234,12468
38,12060,24120
39,6365,12730
40,3616,7232
41,15132,30264
42,2388,4776
43,23959,47918
44,10050,20100
45,2712,5424
46,1675,3350
47,8358,16716
48,13470,26940
49,3240,6480
50,42206,84412
51,24335,48670
52,2078,4156
54,51701,103402
55,2010,4020
56,27838,55676
57,11055,22110
58,26481,52962
59,13108,26216
60,18144,36288
61,8082,16164
62,21492,42984
63,25388,50776
64,17663,35326
65,30004,60008
66,13560,27120
67,30131,60262
69,27742,55484
70,12610,25220
72,40352,80704
73,26690,53380
74,31400,62800
75,47495,94990
76,54238,108476
77,2694,5388
79,24234,48468
80,13065,26130
81,15552,31104
83,15266,30532
84,30456,60912
85,8710,17420
86,37716,75432
87,18792,37584
88,25220,50440
89,21195,42390
91,12537,25074
92,11343,22686
93,21819,43638
94,12572,25144
95,17654,35308
96,8980,17960
97,17663,35326
98,23880,47760
99,10720,21440
100,13400,26800

Relocations
Car ID,From,To,Depart,Arrive,Moving minutes,Reason

Routes
Car 12: order 68
Car 16: order 71
Car 37: order 12
Car 40: order 53
Car 43: order 90
Car 58: order 78
Car 60: order 34
Car 67: order 82
Car 84: order 36
