Accepted sales revenue: 241832
Profit with rejection compensation: -2980456
Accepted orders: 13 / 100
Moving time used: 0 / 0

Assignments
Order ID,Car ID,Requested level,Car level,Upgrade,Pickup station,Return station,Pickup time,Return time,Revenue
10,98,3,3,no,77,79,2023/01/27 09:30,2023/01/27 22:30,8138
12,82,3,4,yes,73,59,2023/02/08 19:30,2023/02/09 12:30,10642
41,13,5,6,yes,75,83,2023/01/22 01:00,2023/01/22 10:00,6570
48,35,1,2,yes,1,5,2023/01/09 10:30,2023/01/11 08:30,15686
54,62,5,5,no,73,60,2023/01/12 15:00,2023/01/13 20:00,21170
58,90,3,4,yes,15,7,2023/01/09 23:30,2023/01/11 16:30,25666
65,6,7,7,no,69,81,2023/02/09 07:30,2023/02/10 00:30,15419
73,13,6,6,no,83,59,2023/02/04 00:00,2023/02/05 06:00,24270
74,91,8,9,yes,71,77,2023/01/05 22:00,2023/01/07 22:00,49200
76,61,3,3,no,25,25,2023/01/03 06:00,2023/01/03 21:00,9390
81,84,2,3,yes,25,17,2023/01/25 14:30,2023/01/26 14:30,11448
86,44,8,9,yes,81,18,2023/02/23 02:00,2023/02/24 02:00,24600
89,82,4,4,no,73,73,2023/01/03 20:00,2023/01/05 01:00,19633

Rejected orders
Order ID,Revenue lost,Compensation
1,9977,19954
2,49200,98400
3,10220,20440
4,12300,24600
5,59040,118080
6,31551,63102
7,12300,24600
8,13640,27280
9,6349,12698
11,36405,72810
13,9063,18126
14,3410,6820
15,13640,27280
16,20032,40064
17,8109,16218
18,6570,13140
19,20861,41722
20,10642,21284
21,34310,68620
22,2708,5416
23,8586,17172
24,17602,35204
25,17172,34344
26,30465,60930
27,9548,19096
28,13981,27962
29,6479,12958
30,5008,10016
31,21942,43884
32,17172,34344
33,1023,2046
34,42629,85258
35,10517,21034
36,32360,64720
37,38023,76046
38,29024,58048
39,21042,42084
40,35040,70080
42,6886,13772
43,25049,50098
44,20511,41022
45,42084,84168
46,19080,38160
47,34466,68932
49,23360,46720
50,28700,57400
51,2427,4854
52,3130,6260
53,34787,69574
55,6093,12186
56,13605,27210
57,9977,19954
59,16218,32436
60,25049,50098
61,12300,24600
62,4774,9548
63,6150,12300
64,3075,6150
66,13753,27506
67,16366,32732
68,15345,30690
69,13146,26292
70,35070,70140
71,20500,41000
72,13356,26712
75,7502,15004
77,21900,43800
78,28170,56340
79,18140,36280
80,24090,48180
82,26403,52806
83,7380,14760
84,10521,21042
85,5840,11680
87,7300,14600
88,32652,65304
90,14600,29200
91,2190,4380
92,7014,14028
93,6349,12698
94,22675,45350
95,31563,63126
96,37214,74428
97,32360,64720
98,20310,40620
99,26887,53774
100,26887,53774

Relocations
Car ID,From,To,Depart,Arrive,Moving minutes,Reason

Routes
Car 6: order 65
Car 13: order 41 -> order 73
Car 35: order 48
Car 44: order 86
Car 61: order 76
Car 62: order 54
Car 82: order 89 -> order 12
Car 84: order 81
Car 90: order 58
Car 91: order 74
Car 98: order 10
