Accepted sales revenue: 219716
Profit with rejection compensation: -2605298
Accepted orders: 12 / 100
Moving time used: 0 / 0

Assignments
Order ID,Car ID,Requested level,Car level,Upgrade,Pickup station,Return station,Pickup time,Return time,Revenue
8,43,9,10,yes,85,78,2023/02/18 20:00,2023/02/20 15:00,48418
11,98,10,10,no,39,65,2023/02/05 10:00,2023/02/07 08:00,56626
12,48,2,2,no,85,4,2023/01/18 00:30,2023/01/18 19:30,5909
25,20,6,7,yes,3,82,2023/02/13 05:00,2023/02/14 06:00,19225
28,42,9,10,yes,5,24,2023/02/14 06:30,2023/02/15 17:30,39410
29,65,2,2,no,71,73,2023/01/09 07:00,2023/01/09 18:00,3421
40,27,4,4,no,51,42,2023/02/01 22:30,2023/02/02 19:30,11655
45,88,7,7,no,45,31,2023/01/20 18:30,2023/01/21 00:30,5502
50,29,1,2,yes,83,11,2023/02/13 21:00,2023/02/14 23:00,5538
61,29,1,2,yes,29,83,2023/01/30 07:00,2023/01/30 13:00,1278
82,33,9,10,yes,23,81,2023/02/09 18:00,2023/02/10 12:00,20268
100,84,3,4,yes,91,78,2023/01/08 01:30,2023/01/08 07:30,2466

Rejected orders
Order ID,Revenue lost,Compensation
1,16440,32880
2,25530,51060
3,25530,51060
4,44316,88632
5,13755,27510
6,28313,56626
7,2462,4924
9,45040,90080
10,3732,7464
13,9705,19410
14,11100,22200
15,9435,18870
16,5215,10430
17,30775,61550
18,3195,6390
19,21903,43806
20,18016,36032
21,11196,22392
22,21090,42180
23,27684,55368
24,3699,7398
26,7464,14928
27,36505,73010
30,11919,23838
31,11473,22946
32,1941,3882
33,4665,9330
34,27684,55368
35,4047,8094
36,36930,73860
37,20268,40536
38,5751,11502
39,7301,14602
41,4521,9042
42,18465,36930
43,426,852
44,4995,9990
46,27082,54164
47,1538,3076
48,39392,78784
49,10275,20550
51,36143,72286
52,4047,8094
53,28453,56906
54,4585,9170
55,45547,91094
56,5823,11646
57,9952,19904
58,29204,58408
59,20927,41854
60,15380,30760
62,25880,51760
63,3330,6660
64,14672,29344
65,6165,12330
66,15645,31290
67,5964,11928
68,33836,67672
69,13563,27126
70,17205,34410
71,3834,7668
72,7153,14306
73,21090,42180
74,31528,63056
75,852,1704
76,5502,11004
77,5176,10352
78,6419,12838
79,9019,18038
80,26915,53830
81,2588,5176
83,12210,24420
84,15618,31236
85,6756,13512
86,1065,2130
87,1704,3408
88,34605,69210
89,18774,37548
90,43099,86198
91,11079,22158
92,2307,4614
93,15540,31080
94,5751,11502
95,33237,66474
96,30402,60804
97,9997,19994
98,25032,50064
99,28161,56322

Relocations
Car ID,From,To,Depart,Arrive,Moving minutes,Reason

Routes
Car 20: order 25
Car 27: order 40
Car 29: order 61 -> order 50
Car 33: order 82
Car 42: order 28
Car 43: order 8
Car 48: order 12
Car 65: order 29
Car 84: order 100
Car 88: order 45
Car 98: order 11
