Accepted sales revenue: 157813
Profit with rejection compensation: -2921605
Accepted orders: 13 / 100
Moving time used: 0 / 0

Assignments
Order ID,Car ID,Requested level,Car level,Upgrade,Pickup station,Return station,Pickup time,Return time,Revenue
2,64,2,2,no,15,38,2023/03/20 10:30,2023/03/20 18:30,2584
6,60,1,1,no,67,72,2023/02/13 10:30,2023/02/13 12:30,414
7,37,7,7,no,53,91,2023/03/11 15:00,2023/03/12 14:00,18331
10,70,9,10,yes,43,6,2023/02/15 20:30,2023/02/16 02:30,6246
12,17,9,10,yes,65,24,2023/02/26 17:30,2023/02/28 07:30,39558
15,4,1,1,no,7,83,2023/01/10 04:30,2023/01/11 09:30,6003
26,79,3,3,no,57,68,2023/02/16 20:00,2023/02/17 21:00,9700
44,98,5,5,no,85,65,2023/02/22 09:00,2023/02/22 13:00,2344
56,5,10,10,no,33,5,2023/03/15 01:00,2023/03/15 07:00,6630
69,87,8,9,yes,47,48,2023/03/18 10:30,2023/03/20 01:30,34749
78,33,10,10,no,51,77,2023/01/22 10:30,2023/01/22 19:30,9945
83,1,6,7,yes,35,17,2023/02/02 19:30,2023/02/04 01:30,19860
100,42,1,1,no,5,84,2023/03/16 14:00,2023/03/16 21:00,1449

Rejected orders
Order ID,Revenue lost,Compensation
1,1758,3516
3,7429,14858
4,5175,10350
5,29128,58256
8,32677,65354
9,5168,10336
11,11720,23440
13,26025,52050
14,30189,60378
16,7760,15520
17,18624,37248
18,13566,27132
19,11050,22100
20,30452,60904
21,7760,15520
22,6417,12834
23,17697,35394
24,40986,81972
25,5820,11640
27,3972,7944
28,12892,25784
29,11951,23902
30,15888,31776
31,15946,31892
32,36465,72930
33,24984,49968
34,8910,17820
35,14256,28512
36,8910,17820
37,37476,74952
38,32045,64090
39,21105,42210
40,6984,13968
41,2391,4782
42,23440,46880
43,6566,13132
45,45804,91608
46,646,1292
47,3553,7106
48,621,1242
49,10013,20026
50,49968,99936
51,11955,23910
52,9369,18738
53,41640,83280
54,4199,8398
55,2898,5796
57,21861,43722
58,42768,85536
59,2930,5860
60,9312,18624
61,1552,3104
62,10476,20952
63,4634,9268
64,3283,6566
65,33150,66300
66,46845,93690
67,12274,24548
68,8901,17802
70,7735,15470
71,5205,10410
72,10088,20176
73,10361,20722
74,18711,37422
75,37422,74844
76,28128,56256
77,31114,62228
79,8148,16296
80,21574,43148
81,8924,17848
82,13132,26264
84,41990,83980
85,28107,56214
86,28107,56214
87,41877,83754
88,5382,10764
89,44200,88400
90,16656,33312
91,27142,54284
92,5274,10548
93,22512,45024
94,6984,13968
95,18738,37476
96,32045,64090
97,30286,60572
98,5159,10318
99,12474,24948

Relocations
Car ID,From,To,Depart,Arrive,Moving minutes,Reason

Routes
Car 1: order 83
Car 4: order 15
Car 5: order 56
Car 17: order 12
Car 33: order 78
Car 37: order 7
Car 42: order 100
Car 60: order 6
Car 64: order 2
Car 70: order 10
Car 79: order 26
Car 87: order 69
Car 98: order 44
